1445829588,lo,0.00,0.00,0.00,0,0,0.00,0.00,0.00,0,0,0.00,0.00,0,0
1445829588,s1,0.00,0.00,0.00,0,0,0.00,0.00,0.00,0,0,0.00,0.00,0,0
1445829588,eth0,0.00,0.00,0.00,0,0,0.00,0.00,0.00,0,0,0.00,0.00,0,0
1445829588,s2,0.00,0.00,0.00,0,0,0.00,0.00,0.00,0,0,0.00,0.00,0,0
1445829588,eth1,0.00,0.00,0.00,0,0,0.00,0.00,0.00,0,0,0.00,0.00,0,0
1445829588,s2-eth2,0.00,0.00,0.00,0,0,0.00,0.00,0.00,0,0,0.00,0.00,0,0
1445829588,s2-eth1,0.00,0.00,0.00,0,0,0.00,0.00,0.00,0,0,0.00,0.00,0,0
1445829588,s1-eth2,0.00,0.00,0.00,0,0,0.00,0.00,0.00,0,0,0.00,0.00,0,0
1445829588,s1-eth1,0.00,0.00,0.00,0,0,0.00,0.00,0.00,0,0,0.00,0.00,0,0
1445829588,total,0.00,0.00,0.00,0,0,0.00,0.00,0.00,0,0,0.00,0.00,0,0
1445829589,lo,1688.00,1688.00,3376.00,1688,1688,18.00,18.00,36.00,18,18,0.00,0.00,0,0
1445829589,s1,0.00,250.00,250.00,250,0,0.00,3.00,3.00,3,0,0.00,0.00,0,0
1445829589,eth0,0.00,0.00,0.00,0,0,0.00,0.00,0.00,0,0,0.00,0.00,0,0
1445829589,s2,0.00,250.00,250.00,250,0,0.00,3.00,3.00,3,0,0.00,0.00,0,0
1445829589,eth1,0.00,0.00,0.00,0,0,0.00,0.00,0.00,0,0,0.00,0.00,0,0
1445829589,s2-eth2,2706.00,121692.00,124398.00,121692,2706,41.00,44.00,85.00,44,41,0.00,0.00,0,0
1445829589,s2-eth1,121692.00,2706.00,124398.00,2706,121692,44.00,41.00,85.00,41,44,0.00,0.00,0,0
1445829589,s1-eth2,2706.00,121692.00,124398.00,121692,2706,41.00,44.00,85.00,44,41,0.00,0.00,0,0
1445829589,s1-eth1,121692.00,2706.00,124398.00,2706,121692,44.00,41.00,85.00,41,44,0.00,0.00,0,0
1445829589,total,250484.00,250984.00,501468.00,250984,250484,188.00,194.00,382.00,194,188,0.00,0.00,0,0
1445829590,lo,0.00,0.00,0.00,0,0,0.00,0.00,0.00,0,0,0.00,0.00,0,0
1445829590,s1,0.00,0.00,0.00,0,0,0.00,0.00,0.00,0,0,0.00,0.00,0,0
1445829590,eth0,0.00,0.00,0.00,0,0,0.00,0.00,0.00,0,0,0.00,0.00,0,0
1445829590,s2,0.00,0.00,0.00,0,0,0.00,0.00,0.00,0,0,0.00,0.00,0,0
1445829590,eth1,0.00,0.00,0.00,0,0,0.00,0.00,0.00,0,0,0.00,0.00,0,0
1445829590,s2-eth2,2706.00,124404.00,127110.00,124404,2706,41.00,42.00,83.00,42,41,0.00,0.00,0,0
1445829590,s2-eth1,124404.00,2706.00,127110.00,2706,124404,42.00,41.00,83.00,41,42,0.00,0.00,0,0
1445829590,s1-eth2,2706.00,124404.00,127110.00,124404,2706,41.00,42.00,83.00,42,41,0.00,0.00,0,0
1445829590,s1-eth1,124404.00,2706.00,127110.00,2706,124404,42.00,41.00,83.00,41,42,0.00,0.00,0,0
1445829590,total,254220.00,254220.00,508440.00,254220,254220,166.00,166.00,332.00,166,166,0.00,0.00,0,0
1445829591,lo,0.00,0.00,0.00,0,0,0.00,0.00,0.00,0,0,0.00,0.00,0,0
1445829591,s1,0.00,0.00,0.00,0,0,0.00,0.00,0.00,0,0,0.00,0.00,0,0
1445829591,eth0,0.00,0.00,0.00,0,0,0.00,0.00,0.00,0,0,0.00,0.00,0,0
1445829591,s2,0.00,0.00,0.00,0,0,0.00,0.00,0.00,0,0,0.00,0.00,0,0
1445829591,eth1,0.00,0.00,0.00,0,0,0.00,0.00,0.00,0,0,0.00,0.00,0,0
1445829591,s2-eth2,2769.23,121320.68,124089.91,121442,2772,41.96,40.96,82.92,41,42,0.00,0.00,0,0
1445829591,s2-eth1,121320.68,2769.23,124089.91,2772,121442,40.96,41.96,82.92,42,41,0.00,0.00,0,0
1445829591,s1-eth2,2769.23,121320.68,124089.91,121442,2772,41.96,40.96,82.92,41,42,0.00,0.00,0,0
1445829591,s1-eth1,121320.68,2769.23,124089.91,2772,121442,40.96,41.96,82.92,42,41,0.00,0.00,0,0
1445829591,total,248179.83,248179.83,496359.65,248428,248428,165.83,165.83,331.67,166,166,0.00,0.00,0,0
1445829592,lo,535.46,535.46,1070.93,536,536,5.99,5.99,11.99,6,6,0.00,0.00,0,0
1445829592,s1,0.00,69.93,69.93,70,0,0.00,1.00,1.00,1,0,0.00,0.00,0,0
1445829592,eth0,0.00,0.00,0.00,0,0,0.00,0.00,0.00,0,0,0.00,0.00,0,0
1445829592,s2,0.00,69.93,69.93,70,0,0.00,1.00,1.00,1,0,0.00,0.00,0,0
1445829592,eth1,0.00,0.00,0.00,0,0,0.00,0.00,0.00,0,0,0.00,0.00,0,0
1445829592,s2-eth2,2773.23,121320.68,124093.91,121442,2776,41.96,40.96,82.92,41,42,0.00,0.00,0,0
1445829592,s2-eth1,121320.68,2773.23,124093.91,2776,121442,40.96,41.96,82.92,42,41,0.00,0.00,0,0
1445829592,s1-eth2,2773.23,121320.68,124093.91,121442,2776,41.96,40.96,82.92,41,42,0.00,0.00,0,0
1445829592,s1-eth1,121320.68,2773.23,124093.91,2776,121442,40.96,41.96,82.92,42,41,0.00,0.00,0,0
1445829592,total,248723.28,248863.14,497586.43,249112,248972,171.83,173.83,345.65,174,172,0.00,0.00,0,0
1445829593,lo,536.00,536.00,1072.00,536,536,6.00,6.00,12.00,6,6,0.00,0.00,0,0
1445829593,s1,0.00,70.00,70.00,70,0,0.00,1.00,1.00,1,0,0.00,0.00,0,0
1445829593,eth0,0.00,0.00,0.00,0,0,0.00,0.00,0.00,0,0,0.00,0.00,0,0
1445829593,s2,0.00,70.00,70.00,70,0,0.00,1.00,1.00,1,0,0.00,0.00,0,0
1445829593,eth1,0.00,0.00,0.00,0,0,0.00,0.00,0.00,0,0,0.00,0.00,0,0
1445829593,s2-eth2,2706.00,124474.00,127180.00,124474,2706,41.00,43.00,84.00,43,41,0.00,0.00,0,0
1445829593,s2-eth1,124349.65,2703.30,127052.95,2706,124474,42.96,40.96,83.92,41,43,0.00,0.00,0,0
1445829593,s1-eth2,2703.30,124349.65,127052.95,124474,2706,40.96,42.96,83.92,43,41,0.00,0.00,0,0
1445829593,s1-eth1,121390.61,2703.30,124093.91,2706,121512,41.96,40.96,82.92,41,42,0.00,0.00,0,0
1445829593,total,251682.32,254781.23,506463.55,255036,251934,172.83,175.82,348.65,176,173,0.00,0.00,0,0
1445829594,lo,0.00,0.00,0.00,0,0,0.00,0.00,0.00,0,0,0.00,0.00,0,0
1445829594,s1,0.00,0.00,0.00,0,0,0.00,0.00,0.00,0,0,0.00,0.00,0,0
1445829594,eth0,0.00,0.00,0.00,0,0,0.00,0.00,0.00,0,0,0.00,0.00,0,0
1445829594,s2,0.00,0.00,0.00,0,0,0.00,0.00,0.00,0,0,0.00,0.00,0,0
1445829594,eth1,0.00,0.00,0.00,0,0,0.00,0.00,0.00,0,0,0.00,0.00,0,0
1445829594,s2-eth2,2769.23,121320.68,124089.91,121442,2772,41.96,40.96,82.92,41,42,0.00,0.00,0,0
1445829594,s2-eth1,121320.68,2769.23,124089.91,2772,121442,40.96,41.96,82.92,42,41,0.00,0.00,0,0
1445829594,s1-eth2,2769.23,121320.68,124089.91,121442,2772,41.96,40.96,82.92,41,42,0.00,0.00,0,0
1445829594,s1-eth1,124279.72,2769.23,127048.95,2772,124404,41.96,41.96,83.92,42,42,0.00,0.00,0,0
1445829594,total,251138.87,248179.83,499318.69,248428,251390,166.83,165.83,332.67,166,167,0.00,0.00,0,0
1445829595,lo,0.00,0.00,0.00,0,0,0.00,0.00,0.00,0,0,0.00,0.00,0,0
1445829595,s1,0.00,0.00,0.00,0,0,0.00,0.00,0.00,0,0,0.00,0.00,0,0
1445829595,eth0,0.00,0.00,0.00,0,0,0.00,0.00,0.00,0,0,0.00,0.00,0,0
1445829595,s2,0.00,0.00,0.00,0,0,0.00,0.00,0.00,0,0,0.00,0.00,0,0
1445829595,eth1,0.00,0.00,0.00,0,0,0.00,0.00,0.00,0,0,0.00,0.00,0,0
1445829595,s2-eth2,2706.00,121442.00,124148.00,121442,2706,41.00,41.00,82.00,41,41,0.00,0.00,0,0
1445829595,s2-eth1,121442.00,2706.00,124148.00,2706,121442,41.00,41.00,82.00,41,41,0.00,0.00,0,0
1445829595,s1-eth2,2706.00,121442.00,124148.00,121442,2706,41.00,41.00,82.00,41,41,0.00,0.00,0,0
1445829595,s1-eth1,121442.00,2706.00,124148.00,2706,121442,41.00,41.00,82.00,41,41,0.00,0.00,0,0
1445829595,total,248296.00,248296.00,496592.00,248296,248296,164.00,164.00,328.00,164,164,0.00,0.00,0,0
1445829596,lo,535.46,535.46,1070.93,536,536,5.99,5.99,11.99,6,6,0.00,0.00,0,0
1445829596,s1,0.00,69.93,69.93,70,0,0.00,1.00,1.00,1,0,0.00,0.00,0,0
1445829596,eth0,0.00,0.00,0.00,0,0,0.00,0.00,0.00,0,0,0.00,0.00,0,0
1445829596,s2,0.00,69.93,69.93,70,0,0.00,1.00,1.00,1,0,0.00,0.00,0,0
1445829596,eth1,0.00,0.00,0.00,0,0,0.00,0.00,0.00,0,0,0.00,0.00,0,0
1445829596,s2-eth2,2773.23,124279.72,127052.95,124404,2776,41.96,41.96,83.92,42,42,0.00,0.00,0,0
1445829596,s2-eth1,124279.72,2773.23,127052.95,2776,124404,41.96,41.96,83.92,42,42,0.00,0.00,0,0
1445829596,s1-eth2,2773.23,124279.72,127052.95,124404,2776,41.96,41.96,83.92,42,42,0.00,0.00,0,0
1445829596,s1-eth1,121320.68,2773.23,124093.91,2776,121442,40.96,41.96,82.92,42,41,0.00,0.00,0,0
1445829596,total,251682.32,254781.23,506463.55,255036,251934,172.83,175.82,348.65,176,173,0.00,0.00,0,0
1445829597,lo,0.00,0.00,0.00,0,0,0.00,0.00,0.00,0,0,0.00,0.00,0,0
1445829597,s1,0.00,0.00,0.00,0,0,0.00,0.00,0.00,0,0,0.00,0.00,0,0
1445829597,eth0,0.00,0.00,0.00,0,0,0.00,0.00,0.00,0,0,0.00,0.00,0,0
1445829597,s2,0.00,0.00,0.00,0,0,0.00,0.00,0.00,0,0,0.00,0.00,0,0
1445829597,eth1,0.00,0.00,0.00,0,0,0.00,0.00,0.00,0,0,0.00,0.00,0,0
1445829597,s2-eth2,2769.23,121320.68,124089.91,121442,2772,41.96,40.96,82.92,41,42,0.00,0.00,0,0
1445829597,s2-eth1,121442.00,2772.00,124214.00,2772,121442,41.00,42.00,83.00,42,41,0.00,0.00,0,0
1445829597,s1-eth2,2772.00,121442.00,124214.00,121442,2772,42.00,41.00,83.00,41,42,0.00,0.00,0,0
1445829597,s1-eth1,124404.00,2772.00,127176.00,2772,124404,42.00,42.00,84.00,42,42,0.00,0.00,0,0
1445829597,total,251390.00,248428.00,499818.00,248428,251390,167.00,166.00,333.00,166,167,0.00,0.00,0,0
1445829598,lo,536.00,536.00,1072.00,536,536,6.00,6.00,12.00,6,6,0.00,0.00,0,0
1445829598,s1,0.00,70.00,70.00,70,0,0.00,1.00,1.00,1,0,0.00,0.00,0,0
1445829598,eth0,0.00,0.00,0.00,0,0,0.00,0.00,0.00,0,0,0.00,0.00,0,0
1445829598,s2,0.00,69.93,69.93,70,0,0.00,1.00,1.00,1,0,0.00,0.00,0,0
1445829598,eth1,0.00,0.00,0.00,0,0,0.00,0.00,0.00,0,0,0.00,0.00,0,0
1445829598,s2-eth2,2703.30,121390.61,124093.91,121512,2706,40.96,41.96,82.92,42,41,0.00,0.00,0,0
1445829598,s2-eth1,121390.61,2703.30,124093.91,2706,121512,41.96,40.96,82.92,41,42,0.00,0.00,0,0
1445829598,s1-eth2,2703.30,121390.61,124093.91,121512,2706,40.96,41.96,82.92,42,41,0.00,0.00,0,0
1445829598,s1-eth1,121390.61,2703.30,124093.91,2706,121512,41.96,40.96,82.92,41,42,0.00,0.00,0,0
1445829598,total,248723.28,248863.14,497586.43,249112,248972,171.83,173.83,345.65,174,172,0.00,0.00,0,0
1445829599,lo,0.00,0.00,0.00,0,0,0.00,0.00,0.00,0,0,0.00,0.00,0,0
1445829599,s1,0.00,0.00,0.00,0,0,0.00,0.00,0.00,0,0,0.00,0.00,0,0
1445829599,eth0,0.00,0.00,0.00,0,0,0.00,0.00,0.00,0,0,0.00,0.00,0,0
1445829599,s2,0.00,0.00,0.00,0,0,0.00,0.00,0.00,0,0,0.00,0.00,0,0
1445829599,eth1,0.00,0.00,0.00,0,0,0.00,0.00,0.00,0,0,0.00,0.00,0,0
1445829599,s2-eth2,2703.30,124279.72,126983.02,124404,2706,40.96,41.96,82.92,42,41,0.00,0.00,0,0
1445829599,s2-eth1,124279.72,2703.30,126983.02,2706,124404,41.96,40.96,82.92,41,42,0.00,0.00,0,0
1445829599,s1-eth2,2703.30,124279.72,126983.02,124404,2706,40.96,41.96,82.92,42,41,0.00,0.00,0,0
1445829599,s1-eth1,121320.68,2703.30,124023.98,2706,121442,40.96,40.96,81.92,41,41,0.00,0.00,0,0
1445829599,total,251007.00,253966.04,504973.04,254220,251258,164.84,165.83,330.67,166,165,0.00,0.00,0,0
1445829600,lo,0.00,0.00,0.00,0,0,0.00,0.00,0.00,0,0,0.00,0.00,0,0
1445829600,s1,0.00,0.00,0.00,0,0,0.00,0.00,0.00,0,0,0.00,0.00,0,0
1445829600,eth0,0.00,0.00,0.00,0,0,0.00,0.00,0.00,0,0,0.00,0.00,0,0
1445829600,s2,0.00,0.00,0.00,0,0,0.00,0.00,0.00,0,0,0.00,0.00,0,0
1445829600,eth1,0.00,0.00,0.00,0,0,0.00,0.00,0.00,0,0,0.00,0.00,0,0
1445829600,s2-eth2,2772.00,121442.00,124214.00,121442,2772,42.00,41.00,83.00,41,42,0.00,0.00,0,0
1445829600,s2-eth1,121442.00,2772.00,124214.00,2772,121442,41.00,42.00,83.00,42,41,0.00,0.00,0,0
1445829600,s1-eth2,2772.00,121442.00,124214.00,121442,2772,42.00,41.00,83.00,41,42,0.00,0.00,0,0
1445829600,s1-eth1,124404.00,2772.00,127176.00,2772,124404,42.00,42.00,84.00,42,42,0.00,0.00,0,0
1445829600,total,251390.00,248428.00,499818.00,248428,251390,167.00,166.00,333.00,166,167,0.00,0.00,0,0
1445829601,lo,0.00,0.00,0.00,0,0,0.00,0.00,0.00,0,0,0.00,0.00,0,0
1445829601,s1,0.00,0.00,0.00,0,0,0.00,0.00,0.00,0,0,0.00,0.00,0,0
1445829601,eth0,0.00,0.00,0.00,0,0,0.00,0.00,0.00,0,0,0.00,0.00,0,0
1445829601,s2,0.00,0.00,0.00,0,0,0.00,0.00,0.00,0,0,0.00,0.00,0,0
1445829601,eth1,0.00,0.00,0.00,0,0,0.00,0.00,0.00,0,0,0.00,0.00,0,0
1445829601,s2-eth2,2703.30,121320.68,124023.98,121442,2706,40.96,40.96,81.92,41,41,0.00,0.00,0,0
1445829601,s2-eth1,121320.68,2703.30,124023.98,2706,121442,40.96,40.96,81.92,41,41,0.00,0.00,0,0
1445829601,s1-eth2,2703.30,121320.68,124023.98,121442,2706,40.96,40.96,81.92,41,41,0.00,0.00,0,0
1445829601,s1-eth1,121320.68,2703.30,124023.98,2706,121442,40.96,40.96,81.92,41,41,0.00,0.00,0,0
1445829601,total,248047.96,248047.96,496095.92,248296,248296,163.84,163.84,327.67,164,164,0.00,0.00,0,0
1445829602,lo,0.00,0.00,0.00,0,0,0.00,0.00,0.00,0,0,0.00,0.00,0,0
1445829602,s1,0.00,0.00,0.00,0,0,0.00,0.00,0.00,0,0,0.00,0.00,0,0
1445829602,eth0,0.00,368.00,368.00,368,0,0.00,4.00,4.00,4,0,0.00,0.00,0,0
1445829602,s2,0.00,0.00,0.00,0,0,0.00,0.00,0.00,0,0,0.00,0.00,0,0
1445829602,eth1,0.00,60.00,60.00,60,0,0.00,1.00,1.00,1,0,0.00,0.00,0,0
1445829602,s2-eth2,2706.00,124404.00,127110.00,124404,2706,41.00,42.00,83.00,42,41,0.00,0.00,0,0
1445829602,s2-eth1,121442.00,2706.00,124148.00,2706,121442,41.00,41.00,82.00,41,41,0.00,0.00,0,0
1445829602,s1-eth2,2706.00,121442.00,124148.00,121442,2706,41.00,41.00,82.00,41,41,0.00,0.00,0,0
1445829602,s1-eth1,121442.00,2706.00,124148.00,2706,121442,41.00,41.00,82.00,41,41,0.00,0.00,0,0
1445829602,total,248296.00,251686.00,499982.00,251686,248296,164.00,170.00,334.00,170,164,0.00,0.00,0,0
1445829603,lo,344.00,344.00,688.00,344,344,6.00,6.00,12.00,6,6,0.00,0.00,0,0
1445829603,s1,0.00,0.00,0.00,0,0,0.00,0.00,0.00,0,0,0.00,0.00,0,0
1445829603,eth0,0.00,368.00,368.00,368,0,0.00,4.00,4.00,4,0,0.00,0.00,0,0
1445829603,s2,0.00,0.00,0.00,0,0,0.00,0.00,0.00,0,0,0.00,0.00,0,0
1445829603,eth1,0.00,60.00,60.00,60,0,0.00,1.00,1.00,1,0,0.00,0.00,0,0
1445829603,s2-eth2,2769.23,121320.68,124089.91,121442,2772,41.96,40.96,82.92,41,42,0.00,0.00,0,0
1445829603,s2-eth1,124279.72,2769.23,127048.95,2772,124404,41.96,41.96,83.92,42,42,0.00,0.00,0,0
1445829603,s1-eth2,2769.23,124279.72,127048.95,124404,2772,41.96,41.96,83.92,42,42,0.00,0.00,0,0
1445829603,s1-eth1,124279.72,2769.23,127048.95,2772,124404,41.96,41.96,83.92,42,42,0.00,0.00,0,0
1445829603,total,254441.57,251910.10,506351.66,252162,254696,173.83,177.82,351.65,178,174,0.00,0.00,0,0
1445829604,lo,0.00,0.00,0.00,0,0,0.00,0.00,0.00,0,0,0.00,0.00,0,0
1445829604,s1,0.00,0.00,0.00,0,0,0.00,0.00,0.00,0,0,0.00,0.00,0,0
1445829604,eth0,0.00,368.00,368.00,368,0,0.00,4.00,4.00,4,0,0.00,0.00,0,0
1445829604,s2,0.00,0.00,0.00,0,0,0.00,0.00,0.00,0,0,0.00,0.00,0,0
1445829604,eth1,0.00,60.00,60.00,60,0,0.00,1.00,1.00,1,0,0.00,0.00,0,0
1445829604,s2-eth2,2706.00,121442.00,124148.00,121442,2706,41.00,41.00,82.00,41,41,0.00,0.00,0,0
1445829604,s2-eth1,121442.00,2706.00,124148.00,2706,121442,41.00,41.00,82.00,41,41,0.00,0.00,0,0
1445829604,s1-eth2,2706.00,121442.00,124148.00,121442,2706,41.00,41.00,82.00,41,41,0.00,0.00,0,0
1445829604,s1-eth1,121442.00,2706.00,124148.00,2706,121442,41.00,41.00,82.00,41,41,0.00,0.00,0,0
1445829604,total,248296.00,248724.00,497020.00,248724,248296,164.00,169.00,333.00,169,164,0.00,0.00,0,0
1445829605,lo,0.00,0.00,0.00,0,0,0.00,0.00,0.00,0,0,0.00,0.00,0,0
1445829605,s1,0.00,0.00,0.00,0,0,0.00,0.00,0.00,0,0,0.00,0.00,0,0
1445829605,eth0,0.00,0.00,0.00,0,0,0.00,0.00,0.00,0,0,0.00,0.00,0,0
1445829605,s2,0.00,0.00,0.00,0,0,0.00,0.00,0.00,0,0,0.00,0.00,0,0
1445829605,eth1,0.00,59.94,59.94,60,0,0.00,1.00,1.00,1,0,0.00,0.00,0,0
1445829605,s2-eth2,2703.30,124279.72,126983.02,124404,2706,40.96,41.96,82.92,42,41,0.00,0.00,0,0
1445829605,s2-eth1,121320.68,2703.30,124023.98,2706,121442,40.96,40.96,81.92,41,41,0.00,0.00,0,0
1445829605,s1-eth2,2703.30,121320.68,124023.98,121442,2706,40.96,40.96,81.92,41,41,0.00,0.00,0,0
1445829605,s1-eth1,121320.68,2703.30,124023.98,2706,121442,40.96,40.96,81.92,41,41,0.00,0.00,0,0
1445829605,total,248047.96,251066.94,499114.90,251318,248296,163.84,165.83,329.67,166,164,0.00,0.00,0,0
1445829606,lo,0.00,0.00,0.00,0,0,0.00,0.00,0.00,0,0,0.00,0.00,0,0
1445829606,s1,0.00,0.00,0.00,0,0,0.00,0.00,0.00,0,0,0.00,0.00,0,0
1445829606,eth0,0.00,0.00,0.00,0,0,0.00,0.00,0.00,0,0,0.00,0.00,0,0
1445829606,s2,0.00,0.00,0.00,0,0,0.00,0.00,0.00,0,0,0.00,0.00,0,0
1445829606,eth1,0.00,59.94,59.94,60,0,0.00,1.00,1.00,1,0,0.00,0.00,0,0
1445829606,s2-eth2,2703.30,121320.68,124023.98,121442,2706,40.96,40.96,81.92,41,41,0.00,0.00,0,0
1445829606,s2-eth1,124279.72,2769.23,127048.95,2772,124404,41.96,41.96,83.92,42,42,0.00,0.00,0,0
1445829606,s1-eth2,2769.23,124279.72,127048.95,124404,2772,41.96,41.96,83.92,42,42,0.00,0.00,0,0
1445829606,s1-eth1,124279.72,2769.23,127048.95,2772,124404,41.96,41.96,83.92,42,42,0.00,0.00,0,0
1445829606,total,254031.97,251198.81,505230.78,251450,254286,166.83,167.83,334.67,168,167,0.00,0.00,0,0
1445829607,lo,0.00,0.00,0.00,0,0,0.00,0.00,0.00,0,0,0.00,0.00,0,0
1445829607,s1,0.00,0.00,0.00,0,0,0.00,0.00,0.00,0,0,0.00,0.00,0,0
1445829607,eth0,0.00,0.00,0.00,0,0,0.00,0.00,0.00,0,0,0.00,0.00,0,0
1445829607,s2,0.00,0.00,0.00,0,0,0.00,0.00,0.00,0,0,0.00,0.00,0,0
1445829607,eth1,0.00,796.00,796.00,796,0,0.00,9.00,9.00,9,0,0.00,0.00,0,0
1445829607,s2-eth2,2772.00,121442.00,124214.00,121442,2772,42.00,41.00,83.00,41,42,0.00,0.00,0,0
1445829607,s2-eth1,121442.00,2706.00,124148.00,2706,121442,41.00,41.00,82.00,41,41,0.00,0.00,0,0
1445829607,s1-eth2,2706.00,121442.00,124148.00,121442,2706,41.00,41.00,82.00,41,41,0.00,0.00,0,0
1445829607,s1-eth1,121442.00,2706.00,124148.00,2706,121442,41.00,41.00,82.00,41,41,0.00,0.00,0,0
1445829607,total,248362.00,249092.00,497454.00,249092,248362,165.00,173.00,338.00,173,165,0.00,0.00,0,0
1445829608,lo,344.00,344.00,688.00,344,344,6.00,6.00,12.00,6,6,0.00,0.00,0,0
1445829608,s1,0.00,0.00,0.00,0,0,0.00,0.00,0.00,0,0,0.00,0.00,0,0
1445829608,eth0,0.00,0.00,0.00,0,0,0.00,0.00,0.00,0,0,0.00,0.00,0,0
1445829608,s2,0.00,0.00,0.00,0,0,0.00,0.00,0.00,0,0,0.00,0.00,0,0
1445829608,eth1,0.00,368.00,368.00,368,0,0.00,4.00,4.00,4,0,0.00,0.00,0,0
1445829608,s2-eth2,2706.00,121442.00,124148.00,121442,2706,41.00,41.00,82.00,41,41,0.00,0.00,0,0
1445829608,s2-eth1,121442.00,2706.00,124148.00,2706,121442,41.00,41.00,82.00,41,41,0.00,0.00,0,0
1445829608,s1-eth2,2706.00,121442.00,124148.00,121442,2706,41.00,41.00,82.00,41,41,0.00,0.00,0,0
1445829608,s1-eth1,121442.00,2706.00,124148.00,2706,121442,41.00,41.00,82.00,41,41,0.00,0.00,0,0
1445829608,total,248640.00,249008.00,497648.00,249008,248640,170.00,174.00,344.00,174,170,0.00,0.00,0,0
1445829609,lo,0.00,0.00,0.00,0,0,0.00,0.00,0.00,0,0,0.00,0.00,0,0
1445829609,s1,0.00,0.00,0.00,0,0,0.00,0.00,0.00,0,0,0.00,0.00,0,0
1445829609,eth0,0.00,0.00,0.00,0,0,0.00,0.00,0.00,0,0,0.00,0.00,0,0
1445829609,s2,0.00,0.00,0.00,0,0,0.00,0.00,0.00,0,0,0.00,0.00,0,0
1445829609,eth1,0.00,0.00,0.00,0,0,0.00,0.00,0.00,0,0,0.00,0.00,0,0
1445829609,s2-eth2,2706.00,124404.00,127110.00,124404,2706,41.00,42.00,83.00,42,41,0.00,0.00,0,0
1445829609,s2-eth1,124404.00,2706.00,127110.00,2706,124404,42.00,41.00,83.00,41,42,0.00,0.00,0,0
1445829609,s1-eth2,2706.00,124404.00,127110.00,124404,2706,41.00,42.00,83.00,42,41,0.00,0.00,0,0
1445829609,s1-eth1,124404.00,2772.00,127176.00,2772,124404,42.00,42.00,84.00,42,42,0.00,0.00,0,0
1445829609,total,254220.00,254286.00,508506.00,254286,254220,166.00,167.00,333.00,167,166,0.00,0.00,0,0
1445829610,lo,0.00,0.00,0.00,0,0,0.00,0.00,0.00,0,0,0.00,0.00,0,0
1445829610,s1,0.00,0.00,0.00,0,0,0.00,0.00,0.00,0,0,0.00,0.00,0,0
1445829610,eth0,0.00,0.00,0.00,0,0,0.00,0.00,0.00,0,0,0.00,0.00,0,0
1445829610,s2,0.00,0.00,0.00,0,0,0.00,0.00,0.00,0,0,0.00,0.00,0,0
1445829610,eth1,0.00,0.00,0.00,0,0,0.00,0.00,0.00,0,0,0.00,0.00,0,0
1445829610,s2-eth2,2769.23,121320.68,124089.91,121442,2772,41.96,40.96,82.92,41,42,0.00,0.00,0,0
1445829610,s2-eth1,121320.68,2769.23,124089.91,2772,121442,40.96,41.96,82.92,42,41,0.00,0.00,0,0
1445829610,s1-eth2,2769.23,121320.68,124089.91,121442,2772,41.96,40.96,82.92,41,42,0.00,0.00,0,0
1445829610,s1-eth1,121320.68,2703.30,124023.98,2706,121442,40.96,40.96,81.92,41,41,0.00,0.00,0,0
1445829610,total,248179.83,248113.89,496293.72,248362,248428,165.83,164.84,330.67,165,166,0.00,0.00,0,0
1445829611,lo,0.00,0.00,0.00,0,0,0.00,0.00,0.00,0,0,0.00,0.00,0,0
1445829611,s1,0.00,0.00,0.00,0,0,0.00,0.00,0.00,0,0,0.00,0.00,0,0
1445829611,eth0,0.00,0.00,0.00,0,0,0.00,0.00,0.00,0,0,0.00,0.00,0,0
1445829611,s2,0.00,0.00,0.00,0,0,0.00,0.00,0.00,0,0,0.00,0.00,0,0
1445829611,eth1,0.00,0.00,0.00,0,0,0.00,0.00,0.00,0,0,0.00,0.00,0,0
1445829611,s2-eth2,2703.30,121320.68,124023.98,121442,2706,40.96,40.96,81.92,41,41,0.00,0.00,0,0
1445829611,s2-eth1,121320.68,2703.30,124023.98,2706,121442,40.96,40.96,81.92,41,41,0.00,0.00,0,0
1445829611,s1-eth2,2703.30,121320.68,124023.98,121442,2706,40.96,40.96,81.92,41,41,0.00,0.00,0,0
1445829611,s1-eth1,121320.68,2703.30,124023.98,2706,121442,40.96,40.96,81.92,41,41,0.00,0.00,0,0
1445829611,total,248047.96,248047.96,496095.92,248296,248296,163.84,163.84,327.67,164,164,0.00,0.00,0,0
1445829612,lo,0.00,0.00,0.00,0,0,0.00,0.00,0.00,0,0,0.00,0.00,0,0
1445829612,s1,0.00,0.00,0.00,0,0,0.00,0.00,0.00,0,0,0.00,0.00,0,0
1445829612,eth0,0.00,0.00,0.00,0,0,0.00,0.00,0.00,0,0,0.00,0.00,0,0
1445829612,s2,0.00,0.00,0.00,0,0,0.00,0.00,0.00,0,0,0.00,0.00,0,0
1445829612,eth1,0.00,0.00,0.00,0,0,0.00,0.00,0.00,0,0,0.00,0.00,0,0
1445829612,s2-eth2,2703.30,124279.72,126983.02,124404,2706,40.96,41.96,82.92,42,41,0.00,0.00,0,0
1445829612,s2-eth1,124279.72,2769.23,127048.95,2772,124404,41.96,41.96,83.92,42,42,0.00,0.00,0,0
1445829612,s1-eth2,2769.23,124279.72,127048.95,124404,2772,41.96,41.96,83.92,42,42,0.00,0.00,0,0
1445829612,s1-eth1,124279.72,2769.23,127048.95,2772,124404,41.96,41.96,83.92,42,42,0.00,0.00,0,0
1445829612,total,254031.97,254097.91,508129.88,254352,254286,166.83,167.83,334.67,168,167,0.00,0.00,0,0
1445829613,lo,344.00,344.00,688.00,344,344,6.00,6.00,12.00,6,6,0.00,0.00,0,0
1445829613,s1,0.00,0.00,0.00,0,0,0.00,0.00,0.00,0,0,0.00,0.00,0,0
1445829613,eth0,0.00,0.00,0.00,0,0,0.00,0.00,0.00,0,0,0.00,0.00,0,0
1445829613,s2,0.00,0.00,0.00,0,0,0.00,0.00,0.00,0,0,0.00,0.00,0,0
1445829613,eth1,0.00,0.00,0.00,0,0,0.00,0.00,0.00,0,0,0.00,0.00,0,0
1445829613,s2-eth2,2772.00,121442.00,124214.00,121442,2772,42.00,41.00,83.00,41,42,0.00,0.00,0,0
1445829613,s2-eth1,121442.00,2706.00,124148.00,2706,121442,41.00,41.00,82.00,41,41,0.00,0.00,0,0
1445829613,s1-eth2,2706.00,121442.00,124148.00,121442,2706,41.00,41.00,82.00,41,41,0.00,0.00,0,0
1445829613,s1-eth1,121442.00,2706.00,124148.00,2706,121442,41.00,41.00,82.00,41,41,0.00,0.00,0,0
1445829613,total,248706.00,248640.00,497346.00,248640,248706,171.00,170.00,341.00,170,171,0.00,0.00,0,0
1445829614,lo,592.00,592.00,1184.00,592,592,6.00,6.00,12.00,6,6,0.00,0.00,0,0
1445829614,s1,0.00,0.00,0.00,0,0,0.00,0.00,0.00,0,0,0.00,0.00,0,0
1445829614,eth0,0.00,0.00,0.00,0,0,0.00,0.00,0.00,0,0,0.00,0.00,0,0
1445829614,s2,0.00,0.00,0.00,0,0,0.00,0.00,0.00,0,0,0.00,0.00,0,0
1445829614,eth1,0.00,0.00,0.00,0,0,0.00,0.00,0.00,0,0,0.00,0.00,0,0
1445829614,s2-eth2,3672.00,122366.00,126038.00,122366,3672,56.00,55.00,111.00,55,56,0.00,0.00,0,0
1445829614,s2-eth1,122366.00,3672.00,126038.00,3672,122366,55.00,56.00,111.00,56,55,0.00,0.00,0,0
1445829614,s1-eth2,3672.00,122366.00,126038.00,122366,3672,56.00,55.00,111.00,55,56,0.00,0.00,0,0
1445829614,s1-eth1,122366.00,3672.00,126038.00,3672,122366,55.00,56.00,111.00,56,55,0.00,0.00,0,0
1445829614,total,252668.00,252668.00,505336.00,252668,252668,228.00,228.00,456.00,228,228,0.00,0.00,0,0
1445829615,lo,0.00,0.00,0.00,0,0,0.00,0.00,0.00,0,0,0.00,0.00,0,0
1445829615,s1,0.00,0.00,0.00,0,0,0.00,0.00,0.00,0,0,0.00,0.00,0,0
1445829615,eth0,0.00,0.00,0.00,0,0,0.00,0.00,0.00,0,0,0.00,0.00,0,0
1445829615,s2,0.00,0.00,0.00,0,0,0.00,0.00,0.00,0,0,0.00,0.00,0,0
1445829615,eth1,0.00,0.00,0.00,0,0,0.00,0.00,0.00,0,0,0.00,0.00,0,0
1445829615,s2-eth2,3936.00,125592.00,129528.00,125592,3936,60.00,60.00,120.00,60,60,0.00,0.00,0,0
1445829615,s2-eth1,125592.00,3936.00,129528.00,3936,125592,60.00,60.00,120.00,60,60,0.00,0.00,0,0
1445829615,s1-eth2,3936.00,125592.00,129528.00,125592,3936,60.00,60.00,120.00,60,60,0.00,0.00,0,0
1445829615,s1-eth1,125592.00,4002.00,129594.00,4002,125592,60.00,61.00,121.00,61,60,0.00,0.00,0,0
1445829615,total,259056.00,259122.00,518178.00,259122,259056,240.00,241.00,481.00,241,240,0.00,0.00,0,0
1445829616,lo,0.00,0.00,0.00,0,0,0.00,0.00,0.00,0,0,0.00,0.00,0,0
1445829616,s1,0.00,0.00,0.00,0,0,0.00,0.00,0.00,0,0,0.00,0.00,0,0
1445829616,eth0,0.00,0.00,0.00,0,0,0.00,0.00,0.00,0,0,0.00,0.00,0,0
1445829616,s2,0.00,0.00,0.00,0,0,0.00,0.00,0.00,0,0,0.00,0.00,0,0
1445829616,eth1,0.00,0.00,0.00,0,0,0.00,0.00,0.00,0,0,0.00,0.00,0,0
1445829616,s2-eth2,3210.00,122630.00,125840.00,122630,3210,49.00,59.00,108.00,59,49,0.00,0.00,0,0
1445829616,s2-eth1,122630.00,3210.00,125840.00,3210,122630,59.00,49.00,108.00,49,59,0.00,0.00,0,0
1445829616,s1-eth2,3210.00,122630.00,125840.00,122630,3210,49.00,59.00,108.00,59,49,0.00,0.00,0,0
1445829616,s1-eth1,122630.00,3144.00,125774.00,3144,122630,59.00,48.00,107.00,48,59,0.00,0.00,0,0
1445829616,total,251680.00,251614.00,503294.00,251614,251680,216.00,215.00,431.00,215,216,0.00,0.00,0,0
1445829617,lo,480.00,480.00,960.00,480,480,6.00,6.00,12.00,6,6,0.00,0.00,0,0
1445829617,s1,0.00,42.00,42.00,42,0,0.00,1.00,1.00,1,0,0.00,0.00,0,0
1445829617,eth0,0.00,0.00,0.00,0,0,0.00,0.00,0.00,0,0,0.00,0.00,0,0
1445829617,s2,0.00,42.00,42.00,42,0,0.00,1.00,1.00,1,0,0.00,0.00,0,0
1445829617,eth1,0.00,0.00,0.00,0,0,0.00,0.00,0.00,0,0,0.00,0.00,0,0
1445829617,s2-eth2,42.00,122894.00,122936.00,122894,42,1.00,63.00,64.00,63,1,0.00,0.00,0,0
1445829617,s2-eth1,122894.00,42.00,122936.00,42,122894,63.00,1.00,64.00,1,63,0.00,0.00,0,0
1445829617,s1-eth2,42.00,122894.00,122936.00,122894,42,1.00,63.00,64.00,63,1,0.00,0.00,0,0
1445829617,s1-eth1,122894.00,42.00,122936.00,42,122894,63.00,1.00,64.00,1,63,0.00,0.00,0,0
1445829617,total,246352.00,246436.00,492788.00,246436,246352,134.00,136.00,270.00,136,134,0.00,0.00,0,0
1445829618,lo,480.00,480.00,960.00,480,480,6.00,6.00,12.00,6,6,0.00,0.00,0,0
1445829618,s1,0.00,42.00,42.00,42,0,0.00,1.00,1.00,1,0,0.00,0.00,0,0
1445829618,eth0,0.00,0.00,0.00,0,0,0.00,0.00,0.00,0,0,0.00,0.00,0,0
1445829618,s2,0.00,42.00,42.00,42,0,0.00,1.00,1.00,1,0,0.00,0.00,0,0
1445829618,eth1,0.00,0.00,0.00,0,0,0.00,0.00,0.00,0,0,0.00,0.00,0,0
1445829618,s2-eth2,5454.00,125218.00,130672.00,125218,5454,83.00,77.00,160.00,77,83,0.00,0.00,0,0
1445829618,s2-eth1,125218.00,5454.00,130672.00,5454,125218,77.00,83.00,160.00,83,77,0.00,0.00,0,0
1445829618,s1-eth2,5454.00,125218.00,130672.00,125218,5454,83.00,77.00,160.00,77,83,0.00,0.00,0,0
1445829618,s1-eth1,123704.00,5454.00,129158.00,5454,123704,76.00,83.00,159.00,83,76,0.00,0.00,0,0
1445829618,total,260310.00,261908.00,522218.00,261908,260310,325.00,328.00,653.00,328,325,0.00,0.00,0,0
1445829619,lo,0.00,0.00,0.00,0,0,0.00,0.00,0.00,0,0,0.00,0.00,0,0
1445829619,s1,0.00,0.00,0.00,0,0,0.00,0.00,0.00,0,0,0.00,0.00,0,0
1445829619,eth0,0.00,0.00,0.00,0,0,0.00,0.00,0.00,0,0,0.00,0.00,0,0
1445829619,s2,0.00,0.00,0.00,0,0,0.00,0.00,0.00,0,0,0.00,0.00,0,0
1445829619,eth1,0.00,59.94,59.94,60,0,0.00,1.00,1.00,1,0,0.00,0.00,0,0
1445829619,s2-eth2,2769.23,124697.31,127466.54,124822,2772,41.96,70.93,112.89,71,42,0.00,0.00,0,0
1445829619,s2-eth1,124697.31,2769.23,127466.54,2772,124822,70.93,41.96,112.89,42,71,0.00,0.00,0,0
1445829619,s1-eth2,2769.23,124697.31,127466.54,124822,2772,41.96,70.93,112.89,71,42,0.00,0.00,0,0
1445829619,s1-eth1,126209.79,2769.23,128979.02,2772,126336,71.93,41.96,113.89,42,72,0.00,0.00,0,0
1445829619,total,256445.56,254993.01,511438.58,255248,256702,226.77,226.77,453.55,227,227,0.00,0.00,0,0
1445829620,lo,0.00,0.00,0.00,0,0,0.00,0.00,0.00,0,0,0.00,0.00,0,0
1445829620,s1,0.00,0.00,0.00,0,0,0.00,0.00,0.00,0,0,0.00,0.00,0,0
1445829620,eth0,341.66,341.66,683.32,342,342,1.00,1.00,2.00,1,1,0.00,0.00,0,0
1445829620,s2,0.00,0.00,0.00,0,0,0.00,0.00,0.00,0,0,0.00,0.00,0,0
1445829620,eth1,0.00,59.94,59.94,60,0,0.00,1.00,1.00,1,0,0.00,0.00,0,0
1445829620,s2-eth2,2703.30,121320.68,124023.98,121442,2706,40.96,40.96,81.92,41,41,0.00,0.00,0,0
1445829620,s2-eth1,121320.68,2703.30,124023.98,2706,121442,40.96,40.96,81.92,41,41,0.00,0.00,0,0
1445829620,s1-eth2,2703.30,121320.68,124023.98,121442,2706,40.96,40.96,81.92,41,41,0.00,0.00,0,0
1445829620,s1-eth1,121320.68,2703.30,124023.98,2706,121442,40.96,40.96,81.92,41,41,0.00,0.00,0,0
1445829620,total,248389.62,248449.56,496839.17,248698,248638,164.84,165.83,330.67,166,165,0.00,0.00,0,0
1445829621,lo,0.00,0.00,0.00,0,0,0.00,0.00,0.00,0,0,0.00,0.00,0,0
1445829621,s1,0.00,0.00,0.00,0,0,0.00,0.00,0.00,0,0,0.00,0.00,0,0
1445829621,eth0,0.00,0.00,0.00,0,0,0.00,0.00,0.00,0,0,0.00,0.00,0,0
1445829621,s2,0.00,0.00,0.00,0,0,0.00,0.00,0.00,0,0,0.00,0.00,0,0
1445829621,eth1,0.00,59.94,59.94,60,0,0.00,1.00,1.00,1,0,0.00,0.00,0,0
1445829621,s2-eth2,2703.30,124279.72,126983.02,124404,2706,40.96,41.96,82.92,42,41,0.00,0.00,0,0
1445829621,s2-eth1,124279.72,2703.30,126983.02,2706,124404,41.96,40.96,82.92,41,42,0.00,0.00,0,0
1445829621,s1-eth2,2703.30,124279.72,126983.02,124404,2706,40.96,41.96,82.92,42,41,0.00,0.00,0,0
1445829621,s1-eth1,121320.68,2703.30,124023.98,2706,121442,40.96,40.96,81.92,41,41,0.00,0.00,0,0
1445829621,total,251007.00,254025.98,505032.98,254280,251258,164.84,166.83,331.67,167,165,0.00,0.00,0,0
1445829622,lo,343.66,343.66,687.31,344,344,5.99,5.99,11.99,6,6,0.00,0.00,0,0
1445829622,s1,0.00,0.00,0.00,0,0,0.00,0.00,0.00,0,0,0.00,0.00,0,0
1445829622,eth0,0.00,0.00,0.00,0,0,0.00,0.00,0.00,0,0,0.00,0.00,0,0
1445829622,s2,0.00,0.00,0.00,0,0,0.00,0.00,0.00,0,0,0.00,0.00,0,0
1445829622,eth1,0.00,59.94,59.94,60,0,0.00,1.00,1.00,1,0,0.00,0.00,0,0
1445829622,s2-eth2,2769.23,121320.68,124089.91,121442,2772,41.96,40.96,82.92,41,42,0.00,0.00,0,0
1445829622,s2-eth1,121320.68,2769.23,124089.91,2772,121442,40.96,41.96,82.92,42,41,0.00,0.00,0,0
1445829622,s1-eth2,2769.23,121320.68,124089.91,121442,2772,41.96,40.96,82.92,41,42,0.00,0.00,0,0
1445829622,s1-eth1,124404.00,2772.00,127176.00,2772,124404,42.00,42.00,84.00,42,42,0.00,0.00,0,0
1445829622,total,251734.00,248832.00,500566.00,248832,251734,173.00,173.00,346.00,173,173,0.00,0.00,0,0
1445829623,lo,0.00,0.00,0.00,0,0,0.00,0.00,0.00,0,0,0.00,0.00,0,0
1445829623,s1,0.00,0.00,0.00,0,0,0.00,0.00,0.00,0,0,0.00,0.00,0,0
1445829623,eth0,0.00,0.00,0.00,0,0,0.00,0.00,0.00,0,0,0.00,0.00,0,0
1445829623,s2,0.00,0.00,0.00,0,0,0.00,0.00,0.00,0,0,0.00,0.00,0,0
1445829623,eth1,0.00,59.94,59.94,60,0,0.00,1.00,1.00,1,0,0.00,0.00,0,0
1445829623,s2-eth2,2703.30,121320.68,124023.98,121442,2706,40.96,40.96,81.92,41,41,0.00,0.00,0,0
1445829623,s2-eth1,121320.68,2703.30,124023.98,2706,121442,40.96,40.96,81.92,41,41,0.00,0.00,0,0
1445829623,s1-eth2,2703.30,121320.68,124023.98,121442,2706,40.96,40.96,81.92,41,41,0.00,0.00,0,0
1445829623,s1-eth1,121320.68,2703.30,124023.98,2706,121442,40.96,40.96,81.92,41,41,0.00,0.00,0,0
1445829623,total,248047.96,248107.90,496155.86,248356,248296,163.84,164.84,328.67,165,164,0.00,0.00,0,0
1445829624,lo,0.00,0.00,0.00,0,0,0.00,0.00,0.00,0,0,0.00,0.00,0,0
1445829624,s1,0.00,0.00,0.00,0,0,0.00,0.00,0.00,0,0,0.00,0.00,0,0
1445829624,eth0,0.00,0.00,0.00,0,0,0.00,0.00,0.00,0,0,0.00,0.00,0,0
1445829624,s2,0.00,0.00,0.00,0,0,0.00,0.00,0.00,0,0,0.00,0.00,0,0
1445829624,eth1,0.00,60.00,60.00,60,0,0.00,1.00,1.00,1,0,0.00,0.00,0,0
1445829624,s2-eth2,2706.00,124404.00,127110.00,124404,2706,41.00,42.00,83.00,42,41,0.00,0.00,0,0
1445829624,s2-eth1,121442.00,2706.00,124148.00,2706,121442,41.00,41.00,82.00,41,41,0.00,0.00,0,0
1445829624,s1-eth2,2706.00,121442.00,124148.00,121442,2706,41.00,41.00,82.00,41,41,0.00,0.00,0,0
1445829624,s1-eth1,121442.00,2706.00,124148.00,2706,121442,41.00,41.00,82.00,41,41,0.00,0.00,0,0
1445829624,total,248296.00,251318.00,499614.00,251318,248296,164.00,166.00,330.00,166,164,0.00,0.00,0,0
1445829625,lo,0.00,0.00,0.00,0,0,0.00,0.00,0.00,0,0,0.00,0.00,0,0
1445829625,s1,0.00,0.00,0.00,0,0,0.00,0.00,0.00,0,0,0.00,0.00,0,0
1445829625,eth0,41.96,59.94,101.90,60,42,1.00,1.00,2.00,1,1,0.00,0.00,0,0
1445829625,s2,0.00,0.00,0.00,0,0,0.00,0.00,0.00,0,0,0.00,0.00,0,0
1445829625,eth1,0.00,0.00,0.00,0,0,0.00,0.00,0.00,0,0,0.00,0.00,0,0
1445829625,s2-eth2,2769.23,121320.68,124089.91,121442,2772,41.96,40.96,82.92,41,42,0.00,0.00,0,0
1445829625,s2-eth1,124279.72,2769.23,127048.95,2772,124404,41.96,41.96,83.92,42,42,0.00,0.00,0,0
1445829625,s1-eth2,2769.23,124279.72,127048.95,124404,2772,41.96,41.96,83.92,42,42,0.00,0.00,0,0
1445829625,s1-eth1,124279.72,2769.23,127048.95,2772,124404,41.96,41.96,83.92,42,42,0.00,0.00,0,0
1445829625,total,254139.87,251198.81,505338.68,251450,254394,168.83,167.83,336.66,168,169,0.00,0.00,0,0
1445829626,lo,0.00,0.00,0.00,0,0,0.00,0.00,0.00,0,0,0.00,0.00,0,0
1445829626,s1,0.00,0.00,0.00,0,0,0.00,0.00,0.00,0,0,0.00,0.00,0,0
1445829626,eth0,0.00,0.00,0.00,0,0,0.00,0.00,0.00,0,0,0.00,0.00,0,0
1445829626,s2,0.00,0.00,0.00,0,0,0.00,0.00,0.00,0,0,0.00,0.00,0,0
1445829626,eth1,0.00,0.00,0.00,0,0,0.00,0.00,0.00,0,0,0.00,0.00,0,0
1445829626,s2-eth2,2706.00,121442.00,124148.00,121442,2706,41.00,41.00,82.00,41,41,0.00,0.00,0,0
1445829626,s2-eth1,121442.00,2706.00,124148.00,2706,121442,41.00,41.00,82.00,41,41,0.00,0.00,0,0
1445829626,s1-eth2,2706.00,121442.00,124148.00,121442,2706,41.00,41.00,82.00,41,41,0.00,0.00,0,0
1445829626,s1-eth1,121442.00,2706.00,124148.00,2706,121442,41.00,41.00,82.00,41,41,0.00,0.00,0,0
1445829626,total,248296.00,248296.00,496592.00,248296,248296,164.00,164.00,328.00,164,164,0.00,0.00,0,0
1445829627,lo,344.00,344.00,688.00,344,344,6.00,6.00,12.00,6,6,0.00,0.00,0,0
1445829627,s1,0.00,0.00,0.00,0,0,0.00,0.00,0.00,0,0,0.00,0.00,0,0
1445829627,eth0,0.00,0.00,0.00,0,0,0.00,0.00,0.00,0,0,0.00,0.00,0,0
1445829627,s2,0.00,0.00,0.00,0,0,0.00,0.00,0.00,0,0,0.00,0.00,0,0
1445829627,eth1,0.00,0.00,0.00,0,0,0.00,0.00,0.00,0,0,0.00,0.00,0,0
1445829627,s2-eth2,2706.00,124404.00,127110.00,124404,2706,41.00,42.00,83.00,42,41,0.00,0.00,0,0
1445829627,s2-eth1,121442.00,2706.00,124148.00,2706,121442,41.00,41.00,82.00,41,41,0.00,0.00,0,0
1445829627,s1-eth2,2706.00,121442.00,124148.00,121442,2706,41.00,41.00,82.00,41,41,0.00,0.00,0,0
1445829627,s1-eth1,121442.00,2706.00,124148.00,2706,121442,41.00,41.00,82.00,41,41,0.00,0.00,0,0
1445829627,total,248640.00,251602.00,500242.00,251602,248640,170.00,171.00,341.00,171,170,0.00,0.00,0,0
1445829628,lo,0.00,0.00,0.00,0,0,0.00,0.00,0.00,0,0,0.00,0.00,0,0
1445829628,s1,0.00,0.00,0.00,0,0,0.00,0.00,0.00,0,0,0.00,0.00,0,0
1445829628,eth0,0.00,0.00,0.00,0,0,0.00,0.00,0.00,0,0,0.00,0.00,0,0
1445829628,s2,0.00,0.00,0.00,0,0,0.00,0.00,0.00,0,0,0.00,0.00,0,0
1445829628,eth1,0.00,59.94,59.94,60,0,0.00,1.00,1.00,1,0,0.00,0.00,0,0
1445829628,s2-eth2,2703.30,121320.68,124023.98,121442,2706,40.96,40.96,81.92,41,41,0.00,0.00,0,0
1445829628,s2-eth1,124279.72,2769.23,127048.95,2772,124404,41.96,41.96,83.92,42,42,0.00,0.00,0,0
1445829628,s1-eth2,2769.23,124279.72,127048.95,124404,2772,41.96,41.96,83.92,42,42,0.00,0.00,0,0
1445829628,s1-eth1,124279.72,2769.23,127048.95,2772,124404,41.96,41.96,83.92,42,42,0.00,0.00,0,0
1445829628,total,254031.97,251198.81,505230.78,251450,254286,166.83,167.83,334.67,168,167,0.00,0.00,0,0
1445829629,lo,0.00,0.00,0.00,0,0,0.00,0.00,0.00,0,0,0.00,0.00,0,0
1445829629,s1,0.00,0.00,0.00,0,0,0.00,0.00,0.00,0,0,0.00,0.00,0,0
1445829629,eth0,0.00,0.00,0.00,0,0,0.00,0.00,0.00,0,0,0.00,0.00,0,0
1445829629,s2,0.00,0.00,0.00,0,0,0.00,0.00,0.00,0,0,0.00,0.00,0,0
1445829629,eth1,0.00,60.00,60.00,60,0,0.00,1.00,1.00,1,0,0.00,0.00,0,0
1445829629,s2-eth2,2772.00,121442.00,124214.00,121442,2772,42.00,41.00,83.00,41,42,0.00,0.00,0,0
1445829629,s2-eth1,121442.00,2706.00,124148.00,2706,121442,41.00,41.00,82.00,41,41,0.00,0.00,0,0
1445829629,s1-eth2,2706.00,121442.00,124148.00,121442,2706,41.00,41.00,82.00,41,41,0.00,0.00,0,0
1445829629,s1-eth1,121442.00,2706.00,124148.00,2706,121442,41.00,41.00,82.00,41,41,0.00,0.00,0,0
1445829629,total,248362.00,248356.00,496718.00,248356,248362,165.00,165.00,330.00,165,165,0.00,0.00,0,0
1445829630,lo,0.00,0.00,0.00,0,0,0.00,0.00,0.00,0,0,0.00,0.00,0,0
1445829630,s1,0.00,0.00,0.00,0,0,0.00,0.00,0.00,0,0,0.00,0.00,0,0
1445829630,eth0,0.00,0.00,0.00,0,0,0.00,0.00,0.00,0,0,0.00,0.00,0,0
1445829630,s2,0.00,0.00,0.00,0,0,0.00,0.00,0.00,0,0,0.00,0.00,0,0
1445829630,eth1,0.00,59.94,59.94,60,0,0.00,1.00,1.00,1,0,0.00,0.00,0,0
1445829630,s2-eth2,2703.30,124279.72,126983.02,124404,2706,40.96,41.96,82.92,42,41,0.00,0.00,0,0
1445829630,s2-eth1,121320.68,2703.30,124023.98,2706,121442,40.96,40.96,81.92,41,41,0.00,0.00,0,0
1445829630,s1-eth2,2703.30,121320.68,124023.98,121442,2706,40.96,40.96,81.92,41,41,0.00,0.00,0,0
1445829630,s1-eth1,121320.68,2703.30,124023.98,2706,121442,40.96,40.96,81.92,41,41,0.00,0.00,0,0
1445829630,total,248047.96,251066.94,499114.90,251318,248296,163.84,165.83,329.67,166,164,0.00,0.00,0,0
1445829631,lo,0.00,0.00,0.00,0,0,0.00,0.00,0.00,0,0,0.00,0.00,0,0
1445829631,s1,0.00,0.00,0.00,0,0,0.00,0.00,0.00,0,0,0.00,0.00,0,0
1445829631,eth0,0.00,0.00,0.00,0,0,0.00,0.00,0.00,0,0,0.00,0.00,0,0
1445829631,s2,0.00,0.00,0.00,0,0,0.00,0.00,0.00,0,0,0.00,0.00,0,0
1445829631,eth1,0.00,59.94,59.94,60,0,0.00,1.00,1.00,1,0,0.00,0.00,0,0
1445829631,s2-eth2,2769.23,121320.68,124089.91,121442,2772,41.96,40.96,82.92,41,42,0.00,0.00,0,0
1445829631,s2-eth1,124279.72,2769.23,127048.95,2772,124404,41.96,41.96,83.92,42,42,0.00,0.00,0,0
1445829631,s1-eth2,2769.23,124279.72,127048.95,124404,2772,41.96,41.96,83.92,42,42,0.00,0.00,0,0
1445829631,s1-eth1,124279.72,2769.23,127048.95,2772,124404,41.96,41.96,83.92,42,42,0.00,0.00,0,0
1445829631,total,254097.91,251198.81,505296.72,251450,254352,167.83,167.83,335.66,168,168,0.00,0.00,0,0
1445829632,lo,343.66,343.66,687.31,344,344,5.99,5.99,11.99,6,6,0.00,0.00,0,0
1445829632,s1,0.00,0.00,0.00,0,0,0.00,0.00,0.00,0,0,0.00,0.00,0,0
1445829632,eth0,0.00,0.00,0.00,0,0,0.00,0.00,0.00,0,0,0.00,0.00,0,0
1445829632,s2,0.00,0.00,0.00,0,0,0.00,0.00,0.00,0,0,0.00,0.00,0,0
1445829632,eth1,0.00,59.94,59.94,60,0,0.00,1.00,1.00,1,0,0.00,0.00,0,0
1445829632,s2-eth2,2508.00,118480.00,120988.00,118480,2508,38.00,40.00,78.00,40,38,0.00,0.00,0,0
1445829632,s2-eth1,115402.60,2505.49,117908.10,2508,115518,38.96,37.96,76.92,38,39,0.00,0.00,0,0
1445829632,s1-eth2,2505.49,115402.60,117908.10,115518,2508,37.96,38.96,76.92,39,38,0.00,0.00,0,0
1445829632,s1-eth1,112556.00,2508.00,115064.00,2508,112556,38.00,38.00,76.00,38,38,0.00,0.00,0,0
1445829632,total,233434.00,239418.00,472852.00,239418,233434,159.00,162.00,321.00,162,159,0.00,0.00,0,0
1445829633,lo,0.00,0.00,0.00,0,0,0.00,0.00,0.00,0,0,0.00,0.00,0,0
1445829633,s1,0.00,0.00,0.00,0,0,0.00,0.00,0.00,0,0,0.00,0.00,0,0
1445829633,eth0,0.00,0.00,0.00,0,0,0.00,0.00,0.00,0,0,0.00,0.00,0,0
1445829633,s2,0.00,0.00,0.00,0,0,0.00,0.00,0.00,0,0,0.00,0.00,0,0
1445829633,eth1,0.00,60.00,60.00,60,0,0.00,1.00,1.00,1,0,0.00,0.00,0,0
1445829633,s2-eth2,2706.00,121442.00,124148.00,121442,2706,41.00,41.00,82.00,41,41,0.00,0.00,0,0
1445829633,s2-eth1,121442.00,2706.00,124148.00,2706,121442,41.00,41.00,82.00,41,41,0.00,0.00,0,0
1445829633,s1-eth2,2706.00,121442.00,124148.00,121442,2706,41.00,41.00,82.00,41,41,0.00,0.00,0,0
1445829633,s1-eth1,121442.00,2706.00,124148.00,2706,121442,41.00,41.00,82.00,41,41,0.00,0.00,0,0
1445829633,total,248296.00,248356.00,496652.00,248356,248296,164.00,165.00,329.00,165,164,0.00,0.00,0,0
1445829634,lo,0.00,0.00,0.00,0,0,0.00,0.00,0.00,0,0,0.00,0.00,0,0
1445829634,s1,0.00,0.00,0.00,0,0,0.00,0.00,0.00,0,0,0.00,0.00,0,0
1445829634,eth0,0.00,0.00,0.00,0,0,0.00,0.00,0.00,0,0,0.00,0.00,0,0
1445829634,s2,0.00,0.00,0.00,0,0,0.00,0.00,0.00,0,0,0.00,0.00,0,0
1445829634,eth1,0.00,0.00,0.00,0,0,0.00,0.00,0.00,0,0,0.00,0.00,0,0
1445829634,s2-eth2,2772.00,124404.00,127176.00,124404,2772,42.00,42.00,84.00,42,42,0.00,0.00,0,0
1445829634,s2-eth1,124404.00,2772.00,127176.00,2772,124404,42.00,42.00,84.00,42,42,0.00,0.00,0,0
1445829634,s1-eth2,2772.00,124404.00,127176.00,124404,2772,42.00,42.00,84.00,42,42,0.00,0.00,0,0
1445829634,s1-eth1,124404.00,2772.00,127176.00,2772,124404,42.00,42.00,84.00,42,42,0.00,0.00,0,0
1445829634,total,254352.00,254352.00,508704.00,254352,254352,168.00,168.00,336.00,168,168,0.00,0.00,0,0
1445829635,lo,0.00,0.00,0.00,0,0,0.00,0.00,0.00,0,0,0.00,0.00,0,0
1445829635,s1,0.00,0.00,0.00,0,0,0.00,0.00,0.00,0,0,0.00,0.00,0,0
1445829635,eth0,0.00,0.00,0.00,0,0,0.00,0.00,0.00,0,0,0.00,0.00,0,0
1445829635,s2,0.00,0.00,0.00,0,0,0.00,0.00,0.00,0,0,0.00,0.00,0,0
1445829635,eth1,0.00,0.00,0.00,0,0,0.00,0.00,0.00,0,0,0.00,0.00,0,0
1445829635,s2-eth2,2706.00,121442.00,124148.00,121442,2706,41.00,41.00,82.00,41,41,0.00,0.00,0,0
1445829635,s2-eth1,121442.00,2706.00,124148.00,2706,121442,41.00,41.00,82.00,41,41,0.00,0.00,0,0
1445829635,s1-eth2,2706.00,121442.00,124148.00,121442,2706,41.00,41.00,82.00,41,41,0.00,0.00,0,0
1445829635,s1-eth1,121442.00,2706.00,124148.00,2706,121442,41.00,41.00,82.00,41,41,0.00,0.00,0,0
1445829635,total,248296.00,248296.00,496592.00,248296,248296,164.00,164.00,328.00,164,164,0.00,0.00,0,0
1445829636,lo,0.00,0.00,0.00,0,0,0.00,0.00,0.00,0,0,0.00,0.00,0,0
1445829636,s1,0.00,0.00,0.00,0,0,0.00,0.00,0.00,0,0,0.00,0.00,0,0
1445829636,eth0,0.00,0.00,0.00,0,0,0.00,0.00,0.00,0,0,0.00,0.00,0,0
1445829636,s2,0.00,0.00,0.00,0,0,0.00,0.00,0.00,0,0,0.00,0.00,0,0
1445829636,eth1,0.00,0.00,0.00,0,0,0.00,0.00,0.00,0,0,0.00,0.00,0,0
1445829636,s2-eth2,2706.00,121442.00,124148.00,121442,2706,41.00,41.00,82.00,41,41,0.00,0.00,0,0
1445829636,s2-eth1,121442.00,2706.00,124148.00,2706,121442,41.00,41.00,82.00,41,41,0.00,0.00,0,0
1445829636,s1-eth2,2706.00,121442.00,124148.00,121442,2706,41.00,41.00,82.00,41,41,0.00,0.00,0,0
1445829636,s1-eth1,121442.00,2706.00,124148.00,2706,121442,41.00,41.00,82.00,41,41,0.00,0.00,0,0
1445829636,total,248296.00,248296.00,496592.00,248296,248296,164.00,164.00,328.00,164,164,0.00,0.00,0,0
1445829637,lo,343.66,343.66,687.31,344,344,5.99,5.99,11.99,6,6,0.00,0.00,0,0
1445829637,s1,0.00,0.00,0.00,0,0,0.00,0.00,0.00,0,0,0.00,0.00,0,0
1445829637,eth0,0.00,0.00,0.00,0,0,0.00,0.00,0.00,0,0,0.00,0.00,0,0
1445829637,s2,0.00,0.00,0.00,0,0,0.00,0.00,0.00,0,0,0.00,0.00,0,0
1445829637,eth1,0.00,59.94,59.94,60,0,0.00,1.00,1.00,1,0,0.00,0.00,0,0
1445829637,s2-eth2,2769.23,124279.72,127048.95,124404,2772,41.96,41.96,83.92,42,42,0.00,0.00,0,0
1445829637,s2-eth1,124279.72,2769.23,127048.95,2772,124404,41.96,41.96,83.92,42,42,0.00,0.00,0,0
1445829637,s1-eth2,2769.23,124279.72,127048.95,124404,2772,41.96,41.96,83.92,42,42,0.00,0.00,0,0
1445829637,s1-eth1,124279.72,2769.23,127048.95,2772,124404,41.96,41.96,83.92,42,42,0.00,0.00,0,0
1445829637,total,254441.57,254501.51,508943.07,254756,254696,173.83,174.83,348.65,175,174,0.00,0.00,0,0
1445829638,lo,0.00,0.00,0.00,0,0,0.00,0.00,0.00,0,0,0.00,0.00,0,0
1445829638,s1,0.00,0.00,0.00,0,0,0.00,0.00,0.00,0,0,0.00,0.00,0,0
1445829638,eth0,0.00,0.00,0.00,0,0,0.00,0.00,0.00,0,0,0.00,0.00,0,0
1445829638,s2,0.00,0.00,0.00,0,0,0.00,0.00,0.00,0,0,0.00,0.00,0,0
1445829638,eth1,0.00,60.00,60.00,60,0,0.00,1.00,1.00,1,0,0.00,0.00,0,0
1445829638,s2-eth2,2706.00,121442.00,124148.00,121442,2706,41.00,41.00,82.00,41,41,0.00,0.00,0,0
1445829638,s2-eth1,121442.00,2706.00,124148.00,2706,121442,41.00,41.00,82.00,41,41,0.00,0.00,0,0
1445829638,s1-eth2,2706.00,121442.00,124148.00,121442,2706,41.00,41.00,82.00,41,41,0.00,0.00,0,0
1445829638,s1-eth1,121442.00,2706.00,124148.00,2706,121442,41.00,41.00,82.00,41,41,0.00,0.00,0,0
1445829638,total,248296.00,248356.00,496652.00,248356,248296,164.00,165.00,329.00,165,164,0.00,0.00,0,0
1445829639,lo,0.00,0.00,0.00,0,0,0.00,0.00,0.00,0,0,0.00,0.00,0,0
1445829639,s1,0.00,0.00,0.00,0,0,0.00,0.00,0.00,0,0,0.00,0.00,0,0
1445829639,eth0,0.00,0.00,0.00,0,0,0.00,0.00,0.00,0,0,0.00,0.00,0,0
1445829639,s2,0.00,0.00,0.00,0,0,0.00,0.00,0.00,0,0,0.00,0.00,0,0
1445829639,eth1,0.00,60.00,60.00,60,0,0.00,1.00,1.00,1,0,0.00,0.00,0,0
1445829639,s2-eth2,2703.30,121320.68,124023.98,121442,2706,40.96,40.96,81.92,41,41,0.00,0.00,0,0
1445829639,s2-eth1,121320.68,2703.30,124023.98,2706,121442,40.96,40.96,81.92,41,41,0.00,0.00,0,0
1445829639,s1-eth2,2703.30,121320.68,124023.98,121442,2706,40.96,40.96,81.92,41,41,0.00,0.00,0,0
1445829639,s1-eth1,121320.68,2703.30,124023.98,2706,121442,40.96,40.96,81.92,41,41,0.00,0.00,0,0
1445829639,total,248047.96,248107.90,496155.86,248356,248296,163.84,164.84,328.67,165,164,0.00,0.00,0,0
1445829640,lo,0.00,0.00,0.00,0,0,0.00,0.00,0.00,0,0,0.00,0.00,0,0
1445829640,s1,0.00,0.00,0.00,0,0,0.00,0.00,0.00,0,0,0.00,0.00,0,0
1445829640,eth0,0.00,0.00,0.00,0,0,0.00,0.00,0.00,0,0,0.00,0.00,0,0
1445829640,s2,0.00,0.00,0.00,0,0,0.00,0.00,0.00,0,0,0.00,0.00,0,0
1445829640,eth1,0.00,60.00,60.00,60,0,0.00,1.00,1.00,1,0,0.00,0.00,0,0
1445829640,s2-eth2,2706.00,124866.00,127572.00,124866,2706,41.00,49.00,90.00,49,41,0.00,0.00,0,0
1445829640,s2-eth1,123352.00,2772.00,126124.00,2772,123352,48.00,42.00,90.00,42,48,0.00,0.00,0,0
1445829640,s1-eth2,2772.00,123352.00,126124.00,123352,2772,42.00,48.00,90.00,48,42,0.00,0.00,0,0
1445829640,s1-eth1,124800.00,2772.00,127572.00,2772,124800,48.00,42.00,90.00,42,48,0.00,0.00,0,0
1445829640,total,253630.00,253822.00,507452.00,253822,253630,179.00,182.00,361.00,182,179,0.00,0.00,0,0
1445829641,lo,0.00,0.00,0.00,0,0,0.00,0.00,0.00,0,0,0.00,0.00,0,0
1445829641,s1,0.00,0.00,0.00,0,0,0.00,0.00,0.00,0,0,0.00,0.00,0,0
1445829641,eth0,0.00,0.00,0.00,0,0,0.00,0.00,0.00,0,0,0.00,0.00,0,0
1445829641,s2,0.00,0.00,0.00,0,0,0.00,0.00,0.00,0,0,0.00,0.00,0,0
1445829641,eth1,0.00,60.00,60.00,60,0,0.00,1.00,1.00,1,0,0.00,0.00,0,0
1445829641,s2-eth2,2706.00,121116.00,123822.00,121116,2706,41.00,58.00,99.00,58,41,0.00,0.00,0,0
1445829641,s2-eth1,124078.00,2640.00,126718.00,2640,124078,59.00,40.00,99.00,40,59,0.00,0.00,0,0
1445829641,s1-eth2,2640.00,124078.00,126718.00,124078,2640,40.00,59.00,99.00,59,40,0.00,0.00,0,0
1445829641,s1-eth1,121116.00,2640.00,123756.00,2640,121116,58.00,40.00,98.00,40,58,0.00,0.00,0,0
1445829641,total,250540.00,250534.00,501074.00,250534,250540,198.00,198.00,396.00,198,198,0.00,0.00,0,0
1445829642,lo,344.00,344.00,688.00,344,344,6.00,6.00,12.00,6,6,0.00,0.00,0,0
1445829642,s1,0.00,0.00,0.00,0,0,0.00,0.00,0.00,0,0,0.00,0.00,0,0
1445829642,eth0,0.00,0.00,0.00,0,0,0.00,0.00,0.00,0,0,0.00,0.00,0,0
1445829642,s2,0.00,0.00,0.00,0,0,0.00,0.00,0.00,0,0,0.00,0.00,0,0
1445829642,eth1,0.00,60.00,60.00,60,0,0.00,1.00,1.00,1,0,0.00,0.00,0,0
1445829642,s2-eth2,2772.00,124078.00,126850.00,124078,2772,42.00,59.00,101.00,59,42,0.00,0.00,0,0
1445829642,s2-eth1,122630.00,2772.00,125402.00,2772,122630,59.00,42.00,101.00,42,59,0.00,0.00,0,0
1445829642,s1-eth2,2772.00,122630.00,125402.00,122630,2772,42.00,59.00,101.00,59,42,0.00,0.00,0,0
1445829642,s1-eth1,124078.00,2772.00,126850.00,2772,124078,59.00,42.00,101.00,42,59,0.00,0.00,0,0
1445829642,total,252596.00,252656.00,505252.00,252656,252596,208.00,209.00,417.00,209,208,0.00,0.00,0,0
1445829643,lo,0.00,0.00,0.00,0,0,0.00,0.00,0.00,0,0,0.00,0.00,0,0
1445829643,s1,0.00,0.00,0.00,0,0,0.00,0.00,0.00,0,0,0.00,0.00,0,0
1445829643,eth0,0.00,243.00,243.00,243,0,0.00,1.00,1.00,1,0,0.00,0.00,0,0
1445829643,s2,0.00,0.00,0.00,0,0,0.00,0.00,0.00,0,0,0.00,0.00,0,0
1445829643,eth1,0.00,243.00,243.00,243,0,0.00,1.00,1.00,1,0,0.00,0.00,0,0
1445829643,s2-eth2,2706.00,125526.00,128232.00,125526,2706,41.00,59.00,100.00,59,41,0.00,0.00,0,0
1445829643,s2-eth1,125526.00,2706.00,128232.00,2706,125526,59.00,41.00,100.00,41,59,0.00,0.00,0,0
1445829643,s1-eth2,2706.00,125526.00,128232.00,125526,2706,41.00,59.00,100.00,59,41,0.00,0.00,0,0
1445829643,s1-eth1,125592.00,2772.00,128364.00,2772,125592,60.00,42.00,102.00,42,60,0.00,0.00,0,0
1445829643,total,256530.00,257016.00,513546.00,257016,256530,201.00,203.00,404.00,203,201,0.00,0.00,0,0
1445829644,lo,0.00,0.00,0.00,0,0,0.00,0.00,0.00,0,0,0.00,0.00,0,0
1445829644,s1,0.00,0.00,0.00,0,0,0.00,0.00,0.00,0,0,0.00,0.00,0,0
1445829644,eth0,0.00,0.00,0.00,0,0,0.00,0.00,0.00,0,0,0.00,0.00,0,0
1445829644,s2,0.00,0.00,0.00,0,0,0.00,0.00,0.00,0,0,0.00,0.00,0,0
1445829644,eth1,0.00,0.00,0.00,0,0,0.00,0.00,0.00,0,0,0.00,0.00,0,0
1445829644,s2-eth2,2772.00,121442.00,124214.00,121442,2772,42.00,41.00,83.00,41,42,0.00,0.00,0,0
1445829644,s2-eth1,121442.00,2772.00,124214.00,2772,121442,41.00,42.00,83.00,42,41,0.00,0.00,0,0
1445829644,s1-eth2,2769.23,121320.68,124089.91,121442,2772,41.96,40.96,82.92,41,42,0.00,0.00,0,0
1445829644,s1-eth1,121320.68,2703.30,124023.98,2706,121442,40.96,40.96,81.92,41,41,0.00,0.00,0,0
1445829644,total,248179.83,248113.89,496293.72,248362,248428,165.83,164.84,330.67,165,166,0.00,0.00,0,0
1445829645,lo,0.00,0.00,0.00,0,0,0.00,0.00,0.00,0,0,0.00,0.00,0,0
1445829645,s1,0.00,0.00,0.00,0,0,0.00,0.00,0.00,0,0,0.00,0.00,0,0
1445829645,eth0,0.00,0.00,0.00,0,0,0.00,0.00,0.00,0,0,0.00,0.00,0,0
1445829645,s2,0.00,0.00,0.00,0,0,0.00,0.00,0.00,0,0,0.00,0.00,0,0
1445829645,eth1,0.00,0.00,0.00,0,0,0.00,0.00,0.00,0,0,0.00,0.00,0,0
1445829645,s2-eth2,2706.00,121442.00,124148.00,121442,2706,41.00,41.00,82.00,41,41,0.00,0.00,0,0
1445829645,s2-eth1,121442.00,2706.00,124148.00,2706,121442,41.00,41.00,82.00,41,41,0.00,0.00,0,0
1445829645,s1-eth2,2706.00,121442.00,124148.00,121442,2706,41.00,41.00,82.00,41,41,0.00,0.00,0,0
1445829645,s1-eth1,121442.00,2706.00,124148.00,2706,121442,41.00,41.00,82.00,41,41,0.00,0.00,0,0
1445829645,total,248296.00,248296.00,496592.00,248296,248296,164.00,164.00,328.00,164,164,0.00,0.00,0,0
1445829646,lo,0.00,0.00,0.00,0,0,0.00,0.00,0.00,0,0,0.00,0.00,0,0
1445829646,s1,0.00,0.00,0.00,0,0,0.00,0.00,0.00,0,0,0.00,0.00,0,0
1445829646,eth0,0.00,0.00,0.00,0,0,0.00,0.00,0.00,0,0,0.00,0.00,0,0
1445829646,s2,0.00,0.00,0.00,0,0,0.00,0.00,0.00,0,0,0.00,0.00,0,0
1445829646,eth1,0.00,0.00,0.00,0,0,0.00,0.00,0.00,0,0,0.00,0.00,0,0
1445829646,s2-eth2,2706.00,124404.00,127110.00,124404,2706,41.00,42.00,83.00,42,41,0.00,0.00,0,0
1445829646,s2-eth1,124404.00,2706.00,127110.00,2706,124404,42.00,41.00,83.00,41,42,0.00,0.00,0,0
1445829646,s1-eth2,2706.00,124404.00,127110.00,124404,2706,41.00,42.00,83.00,42,41,0.00,0.00,0,0
1445829646,s1-eth1,124404.00,2706.00,127110.00,2706,124404,42.00,41.00,83.00,41,42,0.00,0.00,0,0
1445829646,total,254220.00,254220.00,508440.00,254220,254220,166.00,166.00,332.00,166,166,0.00,0.00,0,0
1445829647,lo,344.00,344.00,688.00,344,344,6.00,6.00,12.00,6,6,0.00,0.00,0,0
1445829647,s1,0.00,0.00,0.00,0,0,0.00,0.00,0.00,0,0,0.00,0.00,0,0
1445829647,eth0,0.00,0.00,0.00,0,0,0.00,0.00,0.00,0,0,0.00,0.00,0,0
1445829647,s2,0.00,0.00,0.00,0,0,0.00,0.00,0.00,0,0,0.00,0.00,0,0
1445829647,eth1,0.00,0.00,0.00,0,0,0.00,0.00,0.00,0,0,0.00,0.00,0,0
1445829647,s2-eth2,2772.00,121442.00,124214.00,121442,2772,42.00,41.00,83.00,41,42,0.00,0.00,0,0
1445829647,s2-eth1,121442.00,2772.00,124214.00,2772,121442,41.00,42.00,83.00,42,41,0.00,0.00,0,0
1445829647,s1-eth2,2772.00,121442.00,124214.00,121442,2772,42.00,41.00,83.00,41,42,0.00,0.00,0,0
1445829647,s1-eth1,121442.00,2772.00,124214.00,2772,121442,41.00,42.00,83.00,42,41,0.00,0.00,0,0
1445829647,total,248772.00,248772.00,497544.00,248772,248772,172.00,172.00,344.00,172,172,0.00,0.00,0,0
1445829648,lo,0.00,0.00,0.00,0,0,0.00,0.00,0.00,0,0,0.00,0.00,0,0
1445829648,s1,0.00,0.00,0.00,0,0,0.00,0.00,0.00,0,0,0.00,0.00,0,0
1445829648,eth0,0.00,0.00,0.00,0,0,0.00,0.00,0.00,0,0,0.00,0.00,0,0
1445829648,s2,0.00,0.00,0.00,0,0,0.00,0.00,0.00,0,0,0.00,0.00,0,0
1445829648,eth1,0.00,0.00,0.00,0,0,0.00,0.00,0.00,0,0,0.00,0.00,0,0
1445829648,s2-eth2,2706.00,121442.00,124148.00,121442,2706,41.00,41.00,82.00,41,41,0.00,0.00,0,0
1445829648,s2-eth1,121442.00,2706.00,124148.00,2706,121442,41.00,41.00,82.00,41,41,0.00,0.00,0,0
1445829648,s1-eth2,2706.00,121442.00,124148.00,121442,2706,41.00,41.00,82.00,41,41,0.00,0.00,0,0
1445829648,s1-eth1,121442.00,2706.00,124148.00,2706,121442,41.00,41.00,82.00,41,41,0.00,0.00,0,0
1445829648,total,248296.00,248296.00,496592.00,248296,248296,164.00,164.00,328.00,164,164,0.00,0.00,0,0
1445829649,lo,0.00,0.00,0.00,0,0,0.00,0.00,0.00,0,0,0.00,0.00,0,0
1445829649,s1,0.00,0.00,0.00,0,0,0.00,0.00,0.00,0,0,0.00,0.00,0,0
1445829649,eth0,0.00,0.00,0.00,0,0,0.00,0.00,0.00,0,0,0.00,0.00,0,0
1445829649,s2,0.00,0.00,0.00,0,0,0.00,0.00,0.00,0,0,0.00,0.00,0,0
1445829649,eth1,0.00,0.00,0.00,0,0,0.00,0.00,0.00,0,0,0.00,0.00,0,0
1445829649,s2-eth2,2703.30,121320.68,124023.98,121442,2706,40.96,40.96,81.92,41,41,0.00,0.00,0,0
1445829649,s2-eth1,121320.68,2703.30,124023.98,2706,121442,40.96,40.96,81.92,41,41,0.00,0.00,0,0
1445829649,s1-eth2,2703.30,121320.68,124023.98,121442,2706,40.96,40.96,81.92,41,41,0.00,0.00,0,0
1445829649,s1-eth1,121320.68,2703.30,124023.98,2706,121442,40.96,40.96,81.92,41,41,0.00,0.00,0,0
1445829649,total,248047.96,248047.96,496095.92,248296,248296,163.84,163.84,327.67,164,164,0.00,0.00,0,0
1445829650,lo,0.00,0.00,0.00,0,0,0.00,0.00,0.00,0,0,0.00,0.00,0,0
1445829650,s1,0.00,0.00,0.00,0,0,0.00,0.00,0.00,0,0,0.00,0.00,0,0
1445829650,eth0,0.00,0.00,0.00,0,0,0.00,0.00,0.00,0,0,0.00,0.00,0,0
1445829650,s2,0.00,0.00,0.00,0,0,0.00,0.00,0.00,0,0,0.00,0.00,0,0
1445829650,eth1,0.00,0.00,0.00,0,0,0.00,0.00,0.00,0,0,0.00,0.00,0,0
1445829650,s2-eth2,2772.00,124404.00,127176.00,124404,2772,42.00,42.00,84.00,42,42,0.00,0.00,0,0
1445829650,s2-eth1,124404.00,2772.00,127176.00,2772,124404,42.00,42.00,84.00,42,42,0.00,0.00,0,0
1445829650,s1-eth2,2772.00,124404.00,127176.00,124404,2772,42.00,42.00,84.00,42,42,0.00,0.00,0,0
1445829650,s1-eth1,124404.00,2772.00,127176.00,2772,124404,42.00,42.00,84.00,42,42,0.00,0.00,0,0
1445829650,total,254352.00,254352.00,508704.00,254352,254352,168.00,168.00,336.00,168,168,0.00,0.00,0,0
1445829651,lo,0.00,0.00,0.00,0,0,0.00,0.00,0.00,0,0,0.00,0.00,0,0
1445829651,s1,0.00,0.00,0.00,0,0,0.00,0.00,0.00,0,0,0.00,0.00,0,0
1445829651,eth0,0.00,0.00,0.00,0,0,0.00,0.00,0.00,0,0,0.00,0.00,0,0
1445829651,s2,0.00,0.00,0.00,0,0,0.00,0.00,0.00,0,0,0.00,0.00,0,0
1445829651,eth1,0.00,0.00,0.00,0,0,0.00,0.00,0.00,0,0,0.00,0.00,0,0
1445829651,s2-eth2,2703.30,121320.68,124023.98,121442,2706,40.96,40.96,81.92,41,41,0.00,0.00,0,0
1445829651,s2-eth1,121320.68,2703.30,124023.98,2706,121442,40.96,40.96,81.92,41,41,0.00,0.00,0,0
1445829651,s1-eth2,2703.30,121320.68,124023.98,121442,2706,40.96,40.96,81.92,41,41,0.00,0.00,0,0
1445829651,s1-eth1,121320.68,2703.30,124023.98,2706,121442,40.96,40.96,81.92,41,41,0.00,0.00,0,0
1445829651,total,248047.96,248047.96,496095.92,248296,248296,163.84,163.84,327.67,164,164,0.00,0.00,0,0
1445829652,lo,344.00,344.00,688.00,344,344,6.00,6.00,12.00,6,6,0.00,0.00,0,0
1445829652,s1,0.00,0.00,0.00,0,0,0.00,0.00,0.00,0,0,0.00,0.00,0,0
1445829652,eth0,0.00,0.00,0.00,0,0,0.00,0.00,0.00,0,0,0.00,0.00,0,0
1445829652,s2,0.00,0.00,0.00,0,0,0.00,0.00,0.00,0,0,0.00,0.00,0,0
1445829652,eth1,0.00,0.00,0.00,0,0,0.00,0.00,0.00,0,0,0.00,0.00,0,0
1445829652,s2-eth2,2706.00,121442.00,124148.00,121442,2706,41.00,41.00,82.00,41,41,0.00,0.00,0,0
1445829652,s2-eth1,121442.00,2706.00,124148.00,2706,121442,41.00,41.00,82.00,41,41,0.00,0.00,0,0
1445829652,s1-eth2,2706.00,121442.00,124148.00,121442,2706,41.00,41.00,82.00,41,41,0.00,0.00,0,0
1445829652,s1-eth1,121442.00,2706.00,124148.00,2706,121442,41.00,41.00,82.00,41,41,0.00,0.00,0,0
1445829652,total,248640.00,248640.00,497280.00,248640,248640,170.00,170.00,340.00,170,170,0.00,0.00,0,0
1445829653,lo,0.00,0.00,0.00,0,0,0.00,0.00,0.00,0,0,0.00,0.00,0,0
1445829653,s1,0.00,0.00,0.00,0,0,0.00,0.00,0.00,0,0,0.00,0.00,0,0
1445829653,eth0,0.00,0.00,0.00,0,0,0.00,0.00,0.00,0,0,0.00,0.00,0,0
1445829653,s2,0.00,0.00,0.00,0,0,0.00,0.00,0.00,0,0,0.00,0.00,0,0
1445829653,eth1,0.00,0.00,0.00,0,0,0.00,0.00,0.00,0,0,0.00,0.00,0,0
1445829653,s2-eth2,2769.23,124345.66,127114.89,124470,2772,41.96,42.96,84.92,43,42,0.00,0.00,0,0
1445829653,s2-eth1,124345.66,2769.23,127114.89,2772,124470,42.96,41.96,84.92,42,43,0.00,0.00,0,0
1445829653,s1-eth2,2769.23,124345.66,127114.89,124470,2772,41.96,42.96,84.92,43,42,0.00,0.00,0,0
1445829653,s1-eth1,124345.66,2769.23,127114.89,2772,124470,42.96,41.96,84.92,42,43,0.00,0.00,0,0
1445829653,total,254229.78,254229.78,508459.55,254484,254484,169.83,169.83,339.66,170,170,0.00,0.00,0,0
1445829654,lo,0.00,0.00,0.00,0,0,0.00,0.00,0.00,0,0,0.00,0.00,0,0
1445829654,s1,0.00,0.00,0.00,0,0,0.00,0.00,0.00,0,0,0.00,0.00,0,0
1445829654,eth0,0.00,0.00,0.00,0,0,0.00,0.00,0.00,0,0,0.00,0.00,0,0
1445829654,s2,0.00,0.00,0.00,0,0,0.00,0.00,0.00,0,0,0.00,0.00,0,0
1445829654,eth1,0.00,0.00,0.00,0,0,0.00,0.00,0.00,0,0,0.00,0.00,0,0
1445829654,s2-eth2,2703.30,121320.68,124023.98,121442,2706,40.96,40.96,81.92,41,41,0.00,0.00,0,0
1445829654,s2-eth1,121320.68,2703.30,124023.98,2706,121442,40.96,40.96,81.92,41,41,0.00,0.00,0,0
1445829654,s1-eth2,2703.30,121320.68,124023.98,121442,2706,40.96,40.96,81.92,41,41,0.00,0.00,0,0
1445829654,s1-eth1,121320.68,2703.30,124023.98,2706,121442,40.96,40.96,81.92,41,41,0.00,0.00,0,0
1445829654,total,248047.96,248047.96,496095.92,248296,248296,163.84,163.84,327.67,164,164,0.00,0.00,0,0
1445829655,lo,0.00,0.00,0.00,0,0,0.00,0.00,0.00,0,0,0.00,0.00,0,0
1445829655,s1,0.00,0.00,0.00,0,0,0.00,0.00,0.00,0,0,0.00,0.00,0,0
1445829655,eth0,0.00,0.00,0.00,0,0,0.00,0.00,0.00,0,0,0.00,0.00,0,0
1445829655,s2,0.00,0.00,0.00,0,0,0.00,0.00,0.00,0,0,0.00,0.00,0,0
1445829655,eth1,0.00,0.00,0.00,0,0,0.00,0.00,0.00,0,0,0.00,0.00,0,0
1445829655,s2-eth2,2703.30,121320.68,124023.98,121442,2706,40.96,40.96,81.92,41,41,0.00,0.00,0,0
1445829655,s2-eth1,121320.68,2703.30,124023.98,2706,121442,40.96,40.96,81.92,41,41,0.00,0.00,0,0
1445829655,s1-eth2,2703.30,121320.68,124023.98,121442,2706,40.96,40.96,81.92,41,41,0.00,0.00,0,0
1445829655,s1-eth1,121320.68,2703.30,124023.98,2706,121442,40.96,40.96,81.92,41,41,0.00,0.00,0,0
1445829655,total,248047.96,248047.96,496095.92,248296,248296,163.84,163.84,327.67,164,164,0.00,0.00,0,0
1445829656,lo,0.00,0.00,0.00,0,0,0.00,0.00,0.00,0,0,0.00,0.00,0,0
1445829656,s1,0.00,0.00,0.00,0,0,0.00,0.00,0.00,0,0,0.00,0.00,0,0
1445829656,eth0,0.00,0.00,0.00,0,0,0.00,0.00,0.00,0,0,0.00,0.00,0,0
1445829656,s2,0.00,0.00,0.00,0,0,0.00,0.00,0.00,0,0,0.00,0.00,0,0
1445829656,eth1,0.00,0.00,0.00,0,0,0.00,0.00,0.00,0,0,0.00,0.00,0,0
1445829656,s2-eth2,2772.00,124404.00,127176.00,124404,2772,42.00,42.00,84.00,42,42,0.00,0.00,0,0
1445829656,s2-eth1,124404.00,2772.00,127176.00,2772,124404,42.00,42.00,84.00,42,42,0.00,0.00,0,0
1445829656,s1-eth2,2772.00,124404.00,127176.00,124404,2772,42.00,42.00,84.00,42,42,0.00,0.00,0,0
1445829656,s1-eth1,124404.00,2772.00,127176.00,2772,124404,42.00,42.00,84.00,42,42,0.00,0.00,0,0
1445829656,total,254352.00,254352.00,508704.00,254352,254352,168.00,168.00,336.00,168,168,0.00,0.00,0,0
1445829657,lo,344.00,344.00,688.00,344,344,6.00,6.00,12.00,6,6,0.00,0.00,0,0
1445829657,s1,0.00,0.