1445830105,lo,0.00,0.00,0.00,0,0,0.00,0.00,0.00,0,0,0.00,0.00,0,0
1445830105,s1,0.00,0.00,0.00,0,0,0.00,0.00,0.00,0,0,0.00,0.00,0,0
1445830105,eth0,0.00,0.00,0.00,0,0,0.00,0.00,0.00,0,0,0.00,0.00,0,0
1445830105,s2,0.00,0.00,0.00,0,0,0.00,0.00,0.00,0,0,0.00,0.00,0,0
1445830105,eth1,0.00,0.00,0.00,0,0,0.00,0.00,0.00,0,0,0.00,0.00,0,0
1445830105,s2-eth2,0.00,0.00,0.00,0,0,0.00,0.00,0.00,0,0,0.00,0.00,0,0
1445830105,s2-eth1,0.00,0.00,0.00,0,0,0.00,0.00,0.00,0,0,0.00,0.00,0,0
1445830105,s1-eth2,0.00,0.00,0.00,0,0,0.00,0.00,0.00,0,0,0.00,0.00,0,0
1445830105,s1-eth1,0.00,0.00,0.00,0,0,0.00,0.00,0.00,0,0,0.00,0.00,0,0
1445830105,total,0.00,0.00,0.00,0,0,0.00,0.00,0.00,0,0,0.00,0.00,0,0
1445830106,lo,2264.00,2264.00,4528.00,2264,2264,24.00,24.00,48.00,24,24,0.00,0.00,0,0
1445830106,s1,0.00,340.00,340.00,340,0,0.00,4.00,4.00,4,0,0.00,0.00,0,0
1445830106,eth0,0.00,0.00,0.00,0,0,0.00,0.00,0.00,0,0,0.00,0.00,0,0
1445830106,s2,0.00,340.00,340.00,340,0,0.00,4.00,4.00,4,0,0.00,0.00,0,0
1445830106,eth1,0.00,0.00,0.00,0,0,0.00,0.00,0.00,0,0,0.00,0.00,0,0
1445830106,s2-eth2,48336.00,2257294.00,2305630.00,2257294,48336,732.00,765.00,1497.00,765,732,0.00,0.00,0,0
1445830106,s2-eth1,2242484.00,48996.00,2291480.00,48996,2242484,760.00,742.00,1502.00,742,760,0.00,0.00,0,0
1445830106,s1-eth2,48996.00,2242484.00,2291480.00,2242484,48996,742.00,760.00,1502.00,760,742,0.00,0.00,0,0
1445830106,s1-eth1,2230636.00,49236.00,2279872.00,49236,2230636,756.00,746.00,1502.00,746,756,0.00,0.00,0,0
1445830106,total,4572716.00,4600954.00,9173670.00,4600954,4572716,3014.00,3045.00,6059.00,3045,3014,0.00,0.00,0,0
1445830107,lo,0.00,0.00,0.00,0,0,0.00,0.00,0.00,0,0,0.00,0.00,0,0
1445830107,s1,0.00,0.00,0.00,0,0,0.00,0.00,0.00,0,0,0.00,0.00,0,0
1445830107,eth0,0.00,0.00,0.00,0,0,0.00,0.00,0.00,0,0,0.00,0.00,0,0
1445830107,s2,0.00,0.00,0.00,0,0,0.00,0.00,0.00,0,0,0.00,0.00,0,0
1445830107,eth1,0.00,0.00,0.00,0,0,0.00,0.00,0.00,0,0,0.00,0.00,0,0
1445830107,s2-eth2,83802.20,4149017.10,4232819.30,4153166,83886,1269.73,1297.70,2567.43,1299,1271,0.00,0.00,0,0
1445830107,s2-eth1,4134617.49,83868.13,4218485.63,83952,4138752,1298.70,1270.73,2569.43,1272,1300,0.00,0.00,0,0
1445830107,s1-eth2,83868.13,4134617.49,4218485.63,4138752,83952,1270.73,1298.70,2569.43,1300,1272,0.00,0.00,0,0
1445830107,s1-eth1,4108447.66,84000.00,4192447.67,84084,4112556,1296.70,1272.73,2569.43,1274,1298,0.00,0.00,0,0
1445830107,total,8410735.49,8451502.73,16862238.22,8459954,8419146,5135.86,5139.86,10275.72,5145,5141,0.00,0.00,0,0
1445830108,lo,0.00,0.00,0.00,0,0,0.00,0.00,0.00,0,0,0.00,0.00,0,0
1445830108,s1,0.00,0.00,0.00,0,0,0.00,0.00,0.00,0,0,0.00,0.00,0,0
1445830108,eth0,0.00,0.00,0.00,0,0,0.00,0.00,0.00,0,0,0.00,0.00,0,0
1445830108,s2,0.00,0.00,0.00,0,0,0.00,0.00,0.00,0,0,0.00,0.00,0,0
1445830108,eth1,0.00,0.00,0.00,0,0,0.00,0.00,0.00,0,0,0.00,0.00,0,0
1445830108,s2-eth2,73524.00,5128030.00,5201554.00,5128030,73524,1114.00,1107.00,2221.00,1107,1114,0.00,0.00,0,0
1445830108,s2-eth1,5122370.00,73458.00,5195828.00,73458,5122370,1109.00,1113.00,2222.00,1113,1109,0.00,0.00,0,0
1445830108,s1-eth2,73458.00,5122370.00,5195828.00,5122370,73458,1113.00,1109.00,2222.00,1109,1113,0.00,0.00,0,0
1445830108,s1-eth1,5119672.00,73458.00,5193130.00,73458,5119672,1112.00,1113.00,2225.00,1113,1112,0.00,0.00,0,0
1445830108,total,10389024.00,10397316.00,20786340.00,10397316,10389024,4448.00,4442.00,8890.00,4442,4448,0.00,0.00,0,0
1445830109,lo,536.00,536.00,1072.00,536,536,6.00,6.00,12.00,6,6,0.00,0.00,0,0
1445830109,s1,0.00,70.00,70.00,70,0,0.00,1.00,1.00,1,0,0.00,0.00,0,0
1445830109,eth0,0.00,0.00,0.00,0,0,0.00,0.00,0.00,0,0,0.00,0.00,0,0
1445830109,s2,0.00,70.00,70.00,70,0,0.00,1.00,1.00,1,0,0.00,0.00,0,0
1445830109,eth1,0.00,0.00,0.00,0,0,0.00,0.00,0.00,0,0,0.00,0.00,0,0
1445830109,s2-eth2,66730.00,5572232.00,5638962.00,5572232,66730,1011.00,1080.00,2091.00,1080,1011,0.00,0.00,0,0
1445830109,s2-eth1,5558804.00,66730.00,5625534.00,66730,5558804,1074.00,1011.00,2085.00,1011,1074,0.00,0.00,0,0
1445830109,s1-eth2,66730.00,5558804.00,5625534.00,5558804,66730,1011.00,1074.00,2085.00,1074,1011,0.00,0.00,0,0
1445830109,s1-eth1,5560186.00,66730.00,5626916.00,66730,5560186,1073.00,1011.00,2084.00,1011,1073,0.00,0.00,0,0
1445830109,total,11252986.00,11265172.00,22518158.00,11265172,11252986,4175.00,4184.00,8359.00,4184,4175,0.00,0.00,0,0
1445830110,lo,536.00,536.00,1072.00,536,536,6.00,6.00,12.00,6,6,0.00,0.00,0,0
1445830110,s1,0.00,70.00,70.00,70,0,0.00,1.00,1.00,1,0,0.00,0.00,0,0
1445830110,eth0,0.00,0.00,0.00,0,0,0.00,0.00,0.00,0,0,0.00,0.00,0,0
1445830110,s2,0.00,70.00,70.00,70,0,0.00,1.00,1.00,1,0,0.00,0.00,0,0
1445830110,eth1,0.00,0.00,0.00,0,0,0.00,0.00,0.00,0,0,0.00,0.00,0,0
1445830110,s2-eth2,70092.00,5662292.00,5732384.00,5662292,70092,1062.00,1172.00,2234.00,1172,1062,0.00,0.00,0,0
1445830110,s2-eth1,5664004.00,70290.00,5734294.00,70290,5664004,1176.00,1065.00,2241.00,1065,1176,0.00,0.00,0,0
1445830110,s1-eth2,70290.00,5664004.00,5734294.00,5664004,70290,1065.00,1176.00,2241.00,1176,1065,0.00,0.00,0,0
1445830110,s1-eth1,5656434.00,70290.00,5726724.00,70290,5656434,1171.00,1065.00,2236.00,1065,1171,0.00,0.00,0,0
1445830110,total,11461356.00,11467552.00,22928908.00,11467552,11461356,4480.00,4486.00,8966.00,4486,4480,0.00,0.00,0,0
1445830111,lo,0.00,0.00,0.00,0,0,0.00,0.00,0.00,0,0,0.00,0.00,0,0
1445830111,s1,0.00,0.00,0.00,0,0,0.00,0.00,0.00,0,0,0.00,0.00,0,0
1445830111,eth0,0.00,0.00,0.00,0,0,0.00,0.00,0.00,0,0,0.00,0.00,0,0
1445830111,s2,0.00,0.00,0.00,0,0,0.00,0.00,0.00,0,0,0.00,0.00,0,0
1445830111,eth1,0.00,0.00,0.00,0,0,0.00,0.00,0.00,0,0,0.00,0.00,0,0
1445830111,s2-eth2,65274.00,5771602.00,5836876.00,5771602,65274,989.00,1117.00,2106.00,1117,989,0.00,0.00,0,0
1445830111,s2-eth1,5758962.00,65208.00,5824170.00,65208,5758962,1101.00,988.00,2089.00,988,1101,0.00,0.00,0,0
1445830111,s1-eth2,65208.00,5758962.00,5824170.00,5758962,65208,988.00,1101.00,2089.00,1101,988,0.00,0.00,0,0
1445830111,s1-eth1,5764490.00,65406.00,5829896.00,65406,5764490,1097.00,991.00,2088.00,991,1097,0.00,0.00,0,0
1445830111,total,11653934.00,11661178.00,23315112.00,11661178,11653934,4175.00,4197.00,8372.00,4197,4175,0.00,0.00,0,0
1445830112,lo,0.00,0.00,0.00,0,0,0.00,0.00,0.00,0,0,0.00,0.00,0,0
1445830112,s1,0.00,0.00,0.00,0,0,0.00,0.00,0.00,0,0,0.00,0.00,0,0
1445830112,eth0,0.00,0.00,0.00,0,0,0.00,0.00,0.00,0,0,0.00,0.00,0,0
1445830112,s2,0.00,0.00,0.00,0,0,0.00,0.00,0.00,0,0,0.00,0.00,0,0
1445830112,eth1,0.00,0.00,0.00,0,0,0.00,0.00,0.00,0,0,0.00,0.00,0,0
1445830112,s2-eth2,84461.54,4977152.98,5061614.52,4982130,84546,1279.72,1571.43,2851.15,1573,1281,0.00,0.00,0,0
1445830112,s2-eth1,4997866.27,84527.47,5082393.74,84612,5002864,1578.42,1280.72,2859.14,1282,1580,0.00,0.00,0,0
1445830112,s1-eth2,84527.47,4997866.27,5082393.74,5002864,84612,1280.72,1578.42,2859.14,1580,1282,0.00,0.00,0,0
1445830112,s1-eth1,4988923.21,84659.34,5073582.56,84744,4993912,1574.43,1282.72,2857.14,1284,1576,0.00,0.00,0,0
1445830112,total,10155778.50,10144206.07,20299984.57,10154350,10165934,5713.29,5713.29,11426.57,5719,5719,0.00,0.00,0,0
1445830113,lo,536.00,536.00,1072.00,536,536,6.00,6.00,12.00,6,6,0.00,0.00,0,0
1445830113,s1,0.00,70.00,70.00,70,0,0.00,1.00,1.00,1,0,0.00,0.00,0,0
1445830113,eth0,0.00,0.00,0.00,0,0,0.00,0.00,0.00,0,0,0.00,0.00,0,0
1445830113,s2,0.00,70.00,70.00,70,0,0.00,1.00,1.00,1,0,0.00,0.00,0,0
1445830113,eth1,0.00,0.00,0.00,0,0,0.00,0.00,0.00,0,0,0.00,0.00,0,0
1445830113,s2-eth2,93328.00,5659630.00,5752958.00,5659630,93328,1414.00,1395.00,2809.00,1395,1414,0.00,0.00,0,0
1445830113,s2-eth1,5660092.00,93394.00,5753486.00,93394,5660092,1402.00,1415.00,2817.00,1415,1402,0.00,0.00,0,0
1445830113,s1-eth2,93394.00,5660092.00,5753486.00,5660092,93394,1415.00,1402.00,2817.00,1402,1415,0.00,0.00,0,0
1445830113,s1-eth1,5659172.00,93262.00,5752434.00,93262,5659172,1410.00,1413.00,2823.00,1413,1410,0.00,0.00,0,0
1445830113,total,11506522.00,11507054.00,23013576.00,11507054,11506522,5647.00,5633.00,11280.00,5633,5647,0.00,0.00,0,0
1445830114,lo,536.00,536.00,1072.00,536,536,6.00,6.00,12.00,6,6,0.00,0.00,0,0
1445830114,s1,0.00,70.00,70.00,70,0,0.00,1.00,1.00,1,0,0.00,0.00,0,0
1445830114,eth0,0.00,0.00,0.00,0,0,0.00,0.00,0.00,0,0,0.00,0.00,0,0
1445830114,s2,0.00,70.00,70.00,70,0,0.00,1.00,1.00,1,0,0.00,0.00,0,0
1445830114,eth1,0.00,0.00,0.00,0,0,0.00,0.00,0.00,0,0,0.00,0.00,0,0
1445830114,s2-eth2,82896.00,5543440.00,5626336.00,5543440,82896,1256.00,1258.00,2514.00,1258,1256,0.00,0.00,0,0
1445830114,s2-eth1,5539030.00,82830.00,5621860.00,82830,5539030,1257.00,1255.00,2512.00,1255,1257,0.00,0.00,0,0
1445830114,s1-eth2,82830.00,5539030.00,5621860.00,5539030,82830,1255.00,1257.00,2512.00,1257,1255,0.00,0.00,0,0
1445830114,s1-eth1,5534620.00,82764.00,5617384.00,82764,5534620,1256.00,1254.00,2510.00,1254,1256,0.00,0.00,0,0
1445830114,total,11239912.00,11248740.00,22488652.00,11248740,11239912,5030.00,5032.00,10062.00,5032,5030,0.00,0.00,0,0
1445830115,lo,0.00,0.00,0.00,0,0,0.00,0.00,0.00,0,0,0.00,0.00,0,0
1445830115,s1,0.00,0.00,0.00,0,0,0.00,0.00,0.00,0,0,0.00,0.00,0,0
1445830115,eth0,0.00,0.00,0.00,0,0,0.00,0.00,0.00,0,0,0.00,0.00,0,0
1445830115,s2,0.00,0.00,0.00,0,0,0.00,0.00,0.00,0,0,0.00,0.00,0,0
1445830115,eth1,0.00,0.00,0.00,0,0,0.00,0.00,0.00,0,0,0.00,0.00,0,0
1445830115,s2-eth2,82104.00,5486040.00,5568144.00,5486040,82104,1244.00,1244.00,2488.00,1244,1244,0.00,0.00,0,0
1445830115,s2-eth1,5486040.00,82170.00,5568210.00,82170,5486040,1244.00,1245.00,2489.00,1245,1244,0.00,0.00,0,0
1445830115,s1-eth2,82170.00,5486040.00,5568210.00,5486040,82170,1245.00,1244.00,2489.00,1244,1245,0.00,0.00,0,0
1445830115,s1-eth1,5490450.00,82170.00,5572620.00,82170,5490450,1245.00,1245.00,2490.00,1245,1245,0.00,0.00,0,0
1445830115,total,11140764.00,11136420.00,22277184.00,11136420,11140764,4978.00,4978.00,9956.00,4978,4978,0.00,0.00,0,0
1445830116,lo,0.00,0.00,0.00,0,0,0.00,0.00,0.00,0,0,0.00,0.00,0,0
1445830116,s1,0.00,0.00,0.00,0,0,0.00,0.00,0.00,0,0,0.00,0.00,0,0
1445830116,eth0,0.00,0.00,0.00,0,0,0.00,0.00,0.00,0,0,0.00,0.00,0,0
1445830116,s2,0.00,0.00,0.00,0,0,0.00,0.00,0.00,0,0,0.00,0.00,0,0
1445830116,eth1,0.00,0.00,0.00,0,0,0.00,0.00,0.00,0,0,0.00,0.00,0,0
1445830116,s2-eth2,84018.00,5605110.00,5689128.00,5605110,84018,1273.00,1271.00,2544.00,1271,1273,0.00,0.00,0,0
1445830116,s2-eth1,5605110.00,83952.00,5689062.00,83952,5605110,1271.00,1272.00,2543.00,1272,1271,0.00,0.00,0,0
1445830116,s1-eth2,83952.00,5605110.00,5689062.00,5605110,83952,1272.00,1271.00,2543.00,1271,1272,0.00,0.00,0,0
1445830116,s1-eth1,5605110.00,83952.00,5689062.00,83952,5605110,1271.00,1272.00,2543.00,1272,1271,0.00,0.00,0,0
1445830116,total,11378190.00,11378124.00,22756314.00,11378124,11378190,5087.00,5086.00,10173.00,5086,5087,0.00,0.00,0,0
1445830117,lo,0.00,0.00,0.00,0,0,0.00,0.00,0.00,0,0,0.00,0.00,0,0
1445830117,s1,0.00,0.00,0.00,0,0,0.00,0.00,0.00,0,0,0.00,0.00,0,0
1445830117,eth0,0.00,0.00,0.00,0,0,0.00,0.00,0.00,0,0,0.00,0.00,0,0
1445830117,s2,0.00,0.00,0.00,0,0,0.00,0.00,0.00,0,0,0.00,0.00,0,0
1445830117,eth1,0.00,0.00,0.00,0,0,0.00,0.00,0.00,0,0,0.00,0.00,0,0
1445830117,s2-eth2,81972.00,5486040.00,5568012.00,5486040,81972,1242.00,1244.00,2486.00,1244,1242,0.00,0.00,0,0
1445830117,s2-eth1,5486040.00,81972.00,5568012.00,81972,5486040,1244.00,1242.00,2486.00,1242,1244,0.00,0.00,0,0
1445830117,s1-eth2,81972.00,5486040.00,5568012.00,5486040,81972,1242.00,1244.00,2486.00,1244,1242,0.00,0.00,0,0
1445830117,s1-eth1,5481630.00,82038.00,5563668.00,82038,5481630,1243.00,1243.00,2486.00,1243,1243,0.00,0.00,0,0
1445830117,total,11131614.00,11136090.00,22267704.00,11136090,11131614,4971.00,4973.00,9944.00,4973,4971,0.00,0.00,0,0
1445830118,lo,344.00,344.00,688.00,344,344,6.00,6.00,12.00,6,6,0.00,0.00,0,0
1445830118,s1,0.00,0.00,0.00,0,0,0.00,0.00,0.00,0,0,0.00,0.00,0,0
1445830118,eth0,0.00,0.00,0.00,0,0,0.00,0.00,0.00,0,0,0.00,0.00,0,0
1445830118,s2,0.00,0.00,0.00,0,0,0.00,0.00,0.00,0,0,0.00,0.00,0,0
1445830118,eth1,0.00,0.00,0.00,0,0,0.00,0.00,0.00,0,0,0.00,0.00,0,0
1445830118,s2-eth2,84612.00,5658030.00,5742642.00,5658030,84612,1282.00,1283.00,2565.00,1283,1282,0.00,0.00,0,0
1445830118,s2-eth1,5658030.00,84612.00,5742642.00,84612,5658030,1283.00,1282.00,2565.00,1282,1283,0.00,0.00,0,0
1445830118,s1-eth2,84612.00,5658030.00,5742642.00,5658030,84612,1282.00,1283.00,2565.00,1283,1282,0.00,0.00,0,0
1445830118,s1-eth1,5658030.00,84612.00,5742642.00,84612,5658030,1283.00,1282.00,2565.00,1282,1283,0.00,0.00,0,0
1445830118,total,11485628.00,11485628.00,22971256.00,11485628,11485628,5136.00,5136.00,10272.00,5136,5136,0.00,0.00,0,0
1445830119,lo,0.00,0.00,0.00,0,0,0.00,0.00,0.00,0,0,0.00,0.00,0,0
1445830119,s1,0.00,0.00,0.00,0,0,0.00,0.00,0.00,0,0,0.00,0.00,0,0
1445830119,eth0,0.00,0.00,0.00,0,0,0.00,0.00,0.00,0,0,0.00,0.00,0,0
1445830119,s2,0.00,0.00,0.00,0,0,0.00,0.00,0.00,0,0,0.00,0.00,0,0
1445830119,eth1,0.00,0.00,0.00,0,0,0.00,0.00,0.00,0,0,0.00,0.00,0,0
1445830119,s2-eth2,84348.00,5640390.00,5724738.00,5640390,84348,1278.00,1279.00,2557.00,1279,1278,0.00,0.00,0,0
1445830119,s2-eth1,5640390.00,84414.00,5724804.00,84414,5640390,1279.00,1279.00,2558.00,1279,1279,0.00,0.00,0,0
1445830119,s1-eth2,84414.00,5640390.00,5724804.00,5640390,84414,1279.00,1279.00,2558.00,1279,1279,0.00,0.00,0,0
1445830119,s1-eth1,5640390.00,84414.00,5724804.00,84414,5640390,1279.00,1279.00,2558.00,1279,1279,0.00,0.00,0,0
1445830119,total,11449542.00,11449608.00,22899150.00,11449608,11449542,5115.00,5116.00,10231.00,5116,5115,0.00,0.00,0,0
1445830120,lo,0.00,0.00,0.00,0,0,0.00,0.00,0.00,0,0,0.00,0.00,0,0
1445830120,s1,0.00,0.00,0.00,0,0,0.00,0.00,0.00,0,0,0.00,0.00,0,0
1445830120,eth0,0.00,0.00,0.00,0,0,0.00,0.00,0.00,0,0,0.00,0.00,0,0
1445830120,s2,0.00,0.00,0.00,0,0,0.00,0.00,0.00,0,0,0.00,0.00,0,0
1445830120,eth1,0.00,0.00,0.00,0,0,0.00,0.00,0.00,0,0,0.00,0.00,0,0
1445830120,s2-eth2,85536.00,5715360.00,5800896.00,5715360,85536,1296.00,1296.00,2592.00,1296,1296,0.00,0.00,0,0
1445830120,s2-eth1,5715360.00,85536.00,5800896.00,85536,5715360,1296.00,1296.00,2592.00,1296,1296,0.00,0.00,0,0
1445830120,s1-eth2,85536.00,5715360.00,5800896.00,5715360,85536,1296.00,1296.00,2592.00,1296,1296,0.00,0.00,0,0
1445830120,s1-eth1,5715360.00,85536.00,5800896.00,85536,5715360,1296.00,1296.00,2592.00,1296,1296,0.00,0.00,0,0
1445830120,total,11601792.00,11601792.00,23203584.00,11601792,11601792,5184.00,5184.00,10368.00,5184,5184,0.00,0.00,0,0
1445830121,lo,0.00,0.00,0.00,0,0,0.00,0.00,0.00,0,0,0.00,0.00,0,0
1445830121,s1,0.00,0.00,0.00,0,0,0.00,0.00,0.00,0,0,0.00,0.00,0,0
1445830121,eth0,0.00,0.00,0.00,0,0,0.00,0.00,0.00,0,0,0.00,0.00,0,0
1445830121,s2,0.00,0.00,0.00,0,0,0.00,0.00,0.00,0,0,0.00,0.00,0,0
1445830121,eth1,0.00,0.00,0.00,0,0,0.00,0.00,0.00,0,0,0.00,0.00,0,0
1445830121,s2-eth2,84000.00,5612727.43,5696727.43,5618340,84084,1272.73,1272.73,2545.45,1274,1274,0.00,0.00,0,0
1445830121,s2-eth1,5617133.02,83934.07,5701067.09,84018,5622750,1273.73,1271.73,2545.45,1273,1275,0.00,0.00,0,0
1445830121,s1-eth2,83934.07,5617133.02,5701067.09,5622750,84018,1271.73,1273.73,2545.45,1275,1273,0.00,0.00,0,0
1445830121,s1-eth1,5608321.83,83934.07,5692255.90,84018,5613930,1271.73,1271.73,2543.46,1273,1273,0.00,0.00,0,0
1445830121,total,11393388.92,11397728.58,22791117.50,11409126,11404782,5089.91,5089.91,10179.82,5095,5095,0.00,0.00,0,0
1445830122,lo,0.00,0.00,0.00,0,0,0.00,0.00,0.00,0,0,0.00,0.00,0,0
1445830122,s1,0.00,0.00,0.00,0,0,0.00,0.00,0.00,0,0,0.00,0.00,0,0
1445830122,eth0,0.00,0.00,0.00,0,0,0.00,0.00,0.00,0,0,0.00,0.00,0,0
1445830122,s2,0.00,0.00,0.00,0,0,0.00,0.00,0.00,0,0,0.00,0.00,0,0
1445830122,eth1,0.00,0.00,0.00,0,0,0.00,0.00,0.00,0,0,0.00,0.00,0,0
1445830122,s2-eth2,81708.00,5468400.00,5550108.00,5468400,81708,1238.00,1240.00,2478.00,1240,1238,0.00,0.00,0,0
1445830122,s2-eth1,5468400.00,81708.00,5550108.00,81708,5468400,1240.00,1238.00,2478.00,1238,1240,0.00,0.00,0,0
1445830122,s1-eth2,81708.00,5468400.00,5550108.00,5468400,81708,1238.00,1240.00,2478.00,1240,1238,0.00,0.00,0,0
1445830122,s1-eth1,5463990.00,81774.00,5545764.00,81774,5463990,1239.00,1239.00,2478.00,1239,1239,0.00,0.00,0,0
1445830122,total,11095806.00,11100282.00,22196088.00,11100282,11095806,4955.00,4957.00,9912.00,4957,4955,0.00,0.00,0,0
1445830123,lo,344.00,344.00,688.00,344,344,6.00,6.00,12.00,6,6,0.00,0.00,0,0
1445830123,s1,0.00,0.00,0.00,0,0,0.00,0.00,0.00,0,0,0.00,0.00,0,0
1445830123,eth0,0.00,0.00,0.00,0,0,0.00,0.00,0.00,0,0,0.00,0.00,0,0
1445830123,s2,0.00,0.00,0.00,0,0,0.00,0.00,0.00,0,0,0.00,0.00,0,0
1445830123,eth1,0.00,0.00,0.00,0,0,0.00,0.00,0.00,0,0,0.00,0.00,0,0
1445830123,s2-eth2,85074.00,5680080.00,5765154.00,5680080,85074,1289.00,1288.00,2577.00,1288,1289,0.00,0.00,0,0
1445830123,s2-eth1,5680080.00,85074.00,5765154.00,85074,5680080,1288.00,1289.00,2577.00,1289,1288,0.00,0.00,0,0
1445830123,s1-eth2,85074.00,5680080.00,5765154.00,5680080,85074,1289.00,1288.00,2577.00,1288,1289,0.00,0.00,0,0
1445830123,s1-eth1,5680080.00,85008.00,5765088.00,85008,5680080,1288.00,1288.00,2576.00,1288,1288,0.00,0.00,0,0
1445830123,total,11530652.00,11530586.00,23061238.00,11530586,11530652,5160.00,5159.00,10319.00,5159,5160,0.00,0.00,0,0
1445830124,lo,0.00,0.00,0.00,0,0,0.00,0.00,0.00,0,0,0.00,0.00,0,0
1445830124,s1,0.00,0.00,0.00,0,0,0.00,0.00,0.00,0,0,0.00,0.00,0,0
1445830124,eth0,0.00,0.00,0.00,0,0,0.00,0.00,0.00,0,0,0.00,0.00,0,0
1445830124,s2,0.00,0.00,0.00,0,0,0.00,0.00,0.00,0,0,0.00,0.00,0,0
1445830124,eth1,0.00,0.00,0.00,0,0,0.00,0.00,0.00,0,0,0.00,0.00,0,0
1445830124,s2-eth2,76813.19,5097272.87,5174086.05,5102370,76890,1163.84,1155.84,2319.68,1157,1165,0.00,0.00,0,0
1445830124,s2-eth1,5097272.87,76615.39,5173888.25,76692,5102370,1155.84,1160.84,2316.68,1162,1157,0.00,0.00,0,0
1445830124,s1-eth2,76615.39,5097272.87,5173888.25,5102370,76692,1160.84,1155.84,2316.68,1157,1162,0.00,0.00,0,0
1445830124,s1-eth1,5097272.87,76483.52,5173756.38,76560,5102370,1155.84,1158.84,2314.69,1160,1157,0.00,0.00,0,0
1445830124,total,10347974.31,10347644.64,20695618.94,10357992,10358322,4636.36,4631.37,9267.73,4636,4641,0.00,0.00,0,0
1445830125,lo,0.00,0.00,0.00,0,0,0.00,0.00,0.00,0,0,0.00,0.00,0,0
1445830125,s1,0.00,0.00,0.00,0,0,0.00,0.00,0.00,0,0,0.00,0.00,0,0
1445830125,eth0,0.00,0.00,0.00,0,0,0.00,0.00,0.00,0,0,0.00,0.00,0,0
1445830125,s2,0.00,0.00,0.00,0,0,0.00,0.00,0.00,0,0,0.00,0.00,0,0
1445830125,eth1,0.00,0.00,0.00,0,0,0.00,0.00,0.00,0,0,0.00,0.00,0,0
1445830125,s2-eth2,81642.00,5490450.00,5572092.00,5490450,81642,1237.00,1245.00,2482.00,1245,1237,0.00,0.00,0,0
1445830125,s2-eth1,5490450.00,81840.00,5572290.00,81840,5490450,1245.00,1240.00,2485.00,1240,1245,0.00,0.00,0,0
1445830125,s1-eth2,81840.00,5490450.00,5572290.00,5490450,81840,1240.00,1245.00,2485.00,1245,1240,0.00,0.00,0,0
1445830125,s1-eth1,5490450.00,81972.00,5572422.00,81972,5490450,1245.00,1242.00,2487.00,1242,1245,0.00,0.00,0,0
1445830125,total,11144382.00,11144712.00,22289094.00,11144712,11144382,4967.00,4972.00,9939.00,4972,4967,0.00,0.00,0,0
1445830126,lo,0.00,0.00,0.00,0,0,0.00,0.00,0.00,0,0,0.00,0.00,0,0
1445830126,s1,0.00,0.00,0.00,0,0,0.00,0.00,0.00,0,0,0.00,0.00,0,0
1445830126,eth0,0.00,0.00,0.00,0,0,0.00,0.00,0.00,0,0,0.00,0.00,0,0
1445830126,s2,0.00,0.00,0.00,0,0,0.00,0.00,0.00,0,0,0.00,0.00,0,0
1445830126,eth1,0.00,0.00,0.00,0,0,0.00,0.00,0.00,0,0,0.00,0.00,0,0
1445830126,s2-eth2,84876.00,5671260.00,5756136.00,5671260,84876,1286.00,1286.00,2572.00,1286,1286,0.00,0.00,0,0
1445830126,s2-eth1,5671260.00,84876.00,5756136.00,84876,5671260,1286.00,1286.00,2572.00,1286,1286,0.00,0.00,0,0
1445830126,s1-eth2,84876.00,5671260.00,5756136.00,5671260,84876,1286.00,1286.00,2572.00,1286,1286,0.00,0.00,0,0
1445830126,s1-eth1,5671260.00,84876.00,5756136.00,84876,5671260,1286.00,1286.00,2572.00,1286,1286,0.00,0.00,0,0
1445830126,total,11512272.00,11512272.00,23024544.00,11512272,11512272,5144.00,5144.00,10288.00,5144,5144,0.00,0.00,0,0
1445830127,lo,0.00,0.00,0.00,0,0,0.00,0.00,0.00,0,0,0.00,0.00,0,0
1445830127,s1,0.00,0.00,0.00,0,0,0.00,0.00,0.00,0,0,0.00,0.00,0,0
1445830127,eth0,0.00,0.00,0.00,0,0,0.00,0.00,0.00,0,0,0.00,0.00,0,0
1445830127,s2,0.00,0.00,0.00,0,0,0.00,0.00,0.00,0,0,0.00,0.00,0,0
1445830127,eth1,0.00,0.00,0.00,0,0,0.00,0.00,0.00,0,0,0.00,0.00,0,0
1445830127,s2-eth2,92334.00,5778938.00,5871272.00,5778938,92334,1399.00,1645.00,3044.00,1645,1399,0.00,0.00,0,0
1445830127,s2-eth1,5781438.00,92796.00,5874234.00,92796,5781438,1639.00,1406.00,3045.00,1406,1639,0.00,0.00,0,0
1445830127,s1-eth2,92796.00,5781438.00,5874234.00,5781438,92796,1406.00,1639.00,3045.00,1639,1406,0.00,0.00,0,0
1445830127,s1-eth1,5779264.00,93258.00,5872522.00,93258,5779264,1628.00,1413.00,3041.00,1413,1628,0.00,0.00,0,0
1445830127,total,11745832.00,11746430.00,23492262.00,11746430,11745832,6072.00,6103.00,12175.00,6103,6072,0.00,0.00,0,0
1445830128,lo,344.00,344.00,688.00,344,344,6.00,6.00,12.00,6,6,0.00,0.00,0,0
1445830128,s1,0.00,0.00,0.00,0,0,0.00,0.00,0.00,0,0,0.00,0.00,0,0
1445830128,eth0,0.00,0.00,0.00,0,0,0.00,0.00,0.00,0,0,0.00,0.00,0,0
1445830128,s2,0.00,0.00,0.00,0,0,0.00,0.00,0.00,0,0,0.00,0.00,0,0
1445830128,eth1,0.00,0.00,0.00,0,0,0.00,0.00,0.00,0,0,0.00,0.00,0,0
1445830128,s2-eth2,79266.00,5596092.00,5675358.00,5596092,79266,1201.00,1266.00,2467.00,1266,1201,0.00,0.00,0,0
1445830128,s2-eth1,5593592.00,78738.00,5672330.00,78738,5593592,1272.00,1193.00,2465.00,1193,1272,0.00,0.00,0,0
1445830128,s1-eth2,78738.00,5593592.00,5672330.00,5593592,78738,1193.00,1272.00,2465.00,1272,1193,0.00,0.00,0,0
1445830128,s1-eth1,5600176.00,78276.00,5678452.00,78276,5600176,1284.00,1186.00,2470.00,1186,1284,0.00,0.00,0,0
1445830128,total,11352116.00,11347042.00,22699158.00,11347042,11352116,4956.00,4923.00,9879.00,4923,4956,0.00,0.00,0,0
1445830129,lo,0.00,0.00,0.00,0,0,0.00,0.00,0.00,0,0,0.00,0.00,0,0
1445830129,s1,0.00,0.00,0.00,0,0,0.00,0.00,0.00,0,0,0.00,0.00,0,0
1445830129,eth0,0.00,0.00,0.00,0,0,0.00,0.00,0.00,0,0,0.00,0.00,0,0
1445830129,s2,0.00,0.00,0.00,0,0,0.00,0.00,0.00,0,0,0.00,0.00,0,0
1445830129,eth1,0.00,0.00,0.00,0,0,0.00,0.00,0.00,0,0,0.00,0.00,0,0
1445830129,s2-eth2,72930.00,5533630.00,5606560.00,5533630,72930,1105.00,1263.00,2368.00,1263,1105,0.00,0.00,0,0
1445830129,s2-eth1,5529220.00,73062.00,5602282.00,73062,5529220,1262.00,1107.00,2369.00,1107,1262,0.00,0.00,0,0
1445830129,s1-eth2,73062.00,5529220.00,5602282.00,5529220,73062,1107.00,1262.00,2369.00,1262,1107,0.00,0.00,0,0
1445830129,s1-eth1,5520400.00,73062.00,5593462.00,73062,5520400,1260.00,1107.00,2367.00,1107,1260,0.00,0.00,0,0
1445830129,total,11195612.00,11208974.00,22404586.00,11208974,11195612,4734.00,4739.00,9473.00,4739,4734,0.00,0.00,0,0
1445830130,lo,0.00,0.00,0.00,0,0,0.00,0.00,0.00,0,0,0.00,0.00,0,0
1445830130,s1,0.00,0.00,0.00,0,0,0.00,0.00,0.00,0,0,0.00,0.00,0,0
1445830130,eth0,0.00,0.00,0.00,0,0,0.00,0.00,0.00,0,0,0.00,0.00,0,0
1445830130,s2,0.00,0.00,0.00,0,0,0.00,0.00,0.00,0,0,0.00,0.00,0,0
1445830130,eth1,0.00,0.00,0.00,0,0,0.00,0.00,0.00,0,0,0.00,0.00,0,0
1445830130,s2-eth2,80454.00,5711412.00,5791866.00,5711412,80454,1219.00,1302.00,2521.00,1302,1219,0.00,0.00,0,0
1445830130,s2-eth1,5707002.00,80454.00,5787456.00,80454,5707002,1301.00,1219.00,2520.00,1219,1301,0.00,0.00,0,0
1445830130,s1-eth2,80454.00,5707002.00,5787456.00,5707002,80454,1219.00,1301.00,2520.00,1301,1219,0.00,0.00,0,0
1445830130,s1-eth1,5698182.00,80454.00,5778636.00,80454,5698182,1299.00,1219.00,2518.00,1219,1299,0.00,0.00,0,0
1445830130,total,11566092.00,11579322.00,23145414.00,11579322,11566092,5038.00,5041.00,10079.00,5041,5038,0.00,0.00,0,0
1445830131,lo,0.00,0.00,0.00,0,0,0.00,0.00,0.00,0,0,0.00,0.00,0,0
1445830131,s1,0.00,0.00,0.00,0,0,0.00,0.00,0.00,0,0,0.00,0.00,0,0
1445830131,eth0,0.00,0.00,0.00,0,0,0.00,0.00,0.00,0,0,0.00,0.00,0,0
1445830131,s2,0.00,0.00,0.00,0,0,0.00,0.00,0.00,0,0,0.00,0.00,0,0
1445830131,eth1,0.00,0.00,0.00,0,0,0.00,0.00,0.00,0,0,0.00,0.00,0,0
1445830131,s2-eth2,84018.00,5609520.00,5693538.00,5609520,84018,1273.00,1272.00,2545.00,1272,1273,0.00,0.00,0,0
1445830131,s2-eth1,5609520.00,83952.00,5693472.00,83952,5609520,1272.00,1272.00,2544.00,1272,1272,0.00,0.00,0,0
1445830131,s1-eth2,83952.00,5609520.00,5693472.00,5609520,83952,1272.00,1272.00,2544.00,1272,1272,0.00,0.00,0,0
1445830131,s1-eth1,5609520.00,83952.00,5693472.00,83952,5609520,1272.00,1272.00,2544.00,1272,1272,0.00,0.00,0,0
1445830131,total,11387010.00,11386944.00,22773954.00,11386944,11387010,5089.00,5088.00,10177.00,5088,5089,0.00,0.00,0,0
1445830132,lo,0.00,0.00,0.00,0,0,0.00,0.00,0.00,0,0,0.00,0.00,0,0
1445830132,s1,0.00,0.00,0.00,0,0,0.00,0.00,0.00,0,0,0.00,0.00,0,0
1445830132,eth0,0.00,0.00,0.00,0,0,0.00,0.00,0.00,0,0,0.00,0.00,0,0
1445830132,s2,0.00,0.00,0.00,0,0,0.00,0.00,0.00,0,0,0.00,0.00,0,0
1445830132,eth1,0.00,0.00,0.00,0,0,0.00,0.00,0.00,0,0,0.00,0.00,0,0
1445830132,s2-eth2,83802.20,5599510.64,5683312.84,5605110,83886,1269.73,1269.73,2539.46,1271,1271,0.00,0.00,0,0
1445830132,s2-eth1,5599510.64,83802.20,5683312.84,83886,5605110,1269.73,1269.73,2539.46,1271,1271,0.00,0.00,0,0
1445830132,s1-eth2,83802.20,5599510.64,5683312.84,5605110,83886,1269.73,1269.73,2539.46,1271,1271,0.00,0.00,0,0
1445830132,s1-eth1,5599510.64,83802.20,5683312.84,83886,5605110,1269.73,1269.73,2539.46,1271,1271,0.00,0.00,0,0
1445830132,total,11366625.68,11366625.68,22733251.37,11377992,11377992,5078.92,5078.92,10157.84,5084,5084,0.00,0.00,0,0
1445830133,lo,343.66,343.66,687.31,344,344,5.99,5.99,11.99,6,6,0.00,0.00,0,0
1445830133,s1,0.00,0.00,0.00,0,0,0.00,0.00,0.00,0,0,0.00,0.00,0,0
1445830133,eth0,0.00,0.00,0.00,0,0,0.00,0.00,0.00,0,0,0.00,0.00,0,0
1445830133,s2,0.00,0.00,0.00,0,0,0.00,0.00,0.00,0,0,0.00,0.00,0,0
1445830133,eth1,0.00,0.00,0.00,0,0,0.00,0.00,0.00,0,0,0.00,0.00,0,0
1445830133,s2-eth2,83076.93,5546643.51,5629720.43,5552190,83160,1258.74,1257.74,2516.48,1259,1260,0.00,0.00,0,0
1445830133,s2-eth1,5555454.70,83076.93,5638531.62,83160,5561010,1259.74,1258.74,2518.48,1260,1261,0.00,0.00,0,0
1445830133,s1-eth2,83076.93,5555454.70,5638531.62,5561010,83160,1258.74,1259.74,2518.48,1261,1260,0.00,0.00,0,0
1445830133,s1-eth1,5552190.00,83160.00,5635350.00,83160,5552190,1259.00,1260.00,2519.00,1260,1259,0.00,0.00,0,0
1445830133,total,11279864.00,11279864.00,22559728.00,11279864,11279864,5046.00,5046.00,10092.00,5046,5046,0.00,0.00,0,0
1445830134,lo,0.00,0.00,0.00,0,0,0.00,0.00,0.00,0,0,0.00,0.00,0,0
1445830134,s1,0.00,0.00,0.00,0,0,0.00,0.00,0.00,0,0,0.00,0.00,0,0
1445830134,eth0,0.00,0.00,0.00,0,0,0.00,0.00,0.00,0,0,0.00,0.00,0,0
1445830134,s2,0.00,0.00,0.00,0,0,0.00,0.00,0.00,0,0,0.00,0.00,0,0
1445830134,eth1,0.00,0.00,0.00,0,0,0.00,0.00,0.00,0,0,0.00,0.00,0,0
1445830134,s2-eth2,83820.00,5609520.00,5693340.00,5609520,83820,1270.00,1272.00,2542.00,1272,1270,0.00,0.00,0,0
1445830134,s2-eth1,5609520.00,83886.00,5693406.00,83886,5609520,1272.00,1271.00,2543.00,1271,1272,0.00,0.00,0,0
1445830134,s1-eth2,83886.00,5609520.00,5693406.00,5609520,83886,1271.00,1272.00,2543.00,1272,1271,0.00,0.00,0,0
1445830134,s1-eth1,5609520.00,83886.00,5693406.00,83886,5609520,1272.00,1271.00,2543.00,1271,1272,0.00,0.00,0,0
1445830134,total,11386746.00,11386812.00,22773558.00,11386812,11386746,5085.00,5086.00,10171.00,5086,5085,0.00,0.00,0,0
1445830135,lo,0.00,0.00,0.00,0,0,0.00,0.00,0.00,0,0,0.00,0.00,0,0
1445830135,s1,0.00,0.00,0.00,0,0,0.00,0.00,0.00,0,0,0.00,0.00,0,0
1445830135,eth0,0.00,0.00,0.00,0,0,0.00,0.00,0.00,0,0,0.00,0.00,0,0
1445830135,s2,0.00,0.00,0.00,0,0,0.00,0.00,0.00,0,0,0.00,0.00,0,0
1445830135,eth1,0.00,0.00,0.00,0,0,0.00,0.00,0.00,0,0,0.00,0.00,0,0
1445830135,s2-eth2,89364.00,5678424.00,5767788.00,5678424,89364,1354.00,1592.00,2946.00,1592,1354,0.00,0.00,0,0
1445830135,s2-eth1,5677962.00,89760.00,5767722.00,89760,5677962,1585.00,1360.00,2945.00,1360,1585,0.00,0.00,0,0
1445830135,s1-eth2,89760.00,5677962.00,5767722.00,5677962,89760,1360.00,1585.00,2945.00,1585,1360,0.00,0.00,0,0
1445830135,s1-eth1,5677104.00,90222.00,5767326.00,90222,5677104,1572.00,1367.00,2939.00,1367,1572,0.00,0.00,0,0
1445830135,total,11534190.00,11536368.00,23070558.00,11536368,11534190,5871.00,5904.00,11775.00,5904,5871,0.00,0.00,0,0
1445830136,lo,0.00,0.00,0.00,0,0,0.00,0.00,0.00,0,0,0.00,0.00,0,0
1445830136,s1,0.00,0.00,0.00,0,0,0.00,0.00,0.00,0,0,0.00,0.00,0,0
1445830136,eth0,0.00,0.00,0.00,0,0,0.00,0.00,0.00,0,0,0.00,0.00,0,0
1445830136,s2,0.00,0.00,0.00,0,0,0.00,0.00,0.00,0,0,0.00,0.00,0,0
1445830136,eth1,0.00,0.00,0.00,0,0,0.00,0.00,0.00,0,0,0.00,0.00,0,0
1445830136,s2-eth2,76560.00,5669660.00,5746220.00,5669660,76560,1160.00,1174.00,2334.00,1174,1160,0.00,0.00,0,0
1445830136,s2-eth1,5661566.00,75900.00,5737466.00,75900,5661566,1183.00,1150.00,2333.00,1150,1183,0.00,0.00,0,0
1445830136,s1-eth2,75900.00,5661566.00,5737466.00,5661566,75900,1150.00,1183.00,2333.00,1183,1150,0.00,0.00,0,0
1445830136,s1-eth1,5659924.00,75240.00,5735164.00,75240,5659924,1202.00,1140.00,2342.00,1140,1202,0.00,0.00,0,0
1445830136,total,11473950.00,11482366.00,22956316.00,11482366,11473950,4695.00,4647.00,9342.00,4647,4695,0.00,0.00,0,0
1445830137,lo,0.00,0.00,0.00,0,0,0.00,0.00,0.00,0,0,0.00,0.00,0,0
1445830137,s1,0.00,0.00,0.00,0,0,0.00,0.00,0.00,0,0,0.00,0.00,0,0
1445830137,eth0,0.00,0.00,0.00,0,0,0.00,0.00,0.00,0,0,0.00,0.00,0,0
1445830137,s2,0.00,0.00,0.00,0,0,0.00,0.00,0.00,0,0,0.00,0.00,0,0
1445830137,eth1,0.00,0.00,0.00,0,0,0.00,0.00,0.00,0,0,0.00,0.00,0,0
1445830137,s2-eth2,70092.00,5812488.00,5882580.00,5812488,70092,1062.00,1188.00,2250.00,1188,1062,0.00,0.00,0,0
1445830137,s2-eth1,5821044.00,70092.00,5891136.00,70092,5821044,1186.00,1062.00,2248.00,1062,1186,0.00,0.00,0,0
1445830137,s1-eth2,70092.00,5821044.00,5891136.00,5821044,70092,1062.00,1186.00,2248.00,1186,1062,0.00,0.00,0,0
1445830137,s1-eth1,5830982.00,70158.00,5901140.00,70158,5830982,1183.00,1063.00,2246.00,1063,1183,0.00,0.00,0,0
1445830137,total,11792210.00,11773782.00,23565992.00,11773782,11792210,4493.00,4499.00,8992.00,4499,4493,0.00,0.00,0,0
1445830138,lo,344.00,344.00,688.00,344,344,6.00,6.00,12.00,6,6,0.00,0.00,0,0
1445830138,s1,0.00,0.00,0.00,0,0,0.00,0.00,0.00,0,0,0.00,0.00,0,0
1445830138,eth0,0.00,0.00,0.00,0,0,0.00,0.00,0.00,0,0,0.00,0.00,0,0
1445830138,s2,0.00,0.00,0.00,0,0,0.00,0.00,0.00,0,0,0.00,0.00,0,0
1445830138,eth1,0.00,0.00,0.00,0,0,0.00,0.00,0.00,0,0,0.00,0.00,0,0
1445830138,s2-eth2,75570.00,5740158.00,5815728.00,5740158,75570,1145.00,1211.00,2356.00,1211,1145,0.00,0.00,0,0
1445830138,s2-eth1,5731338.00,75768.00,5807106.00,75768,5731338,1209.00,1148.00,2357.00,1148,1209,0.00,0.00,0,0
1445830138,s1-eth2,75768.00,5731338.00,5807106.00,5731338,75768,1148.00,1209.00,2357.00,1209,1148,0.00,0.00,0,0
1445830138,s1-eth1,5728310.00,75900.00,5804210.00,75900,5728310,1207.00,1150.00,2357.00,1150,1207,0.00,0.00,0,0
1445830138,total,11611330.00,11623508.00,23234838.00,11623508,11611330,4715.00,4724.00,9439.00,4724,4715,0.00,0.00,0,0
1445830139,lo,592.00,592.00,1184.00,592,592,6.00,6.00,12.00,6,6,0.00,0.00,0,0
1445830139,s1,0.00,0.00,0.00,0,0,0.00,0.00,0.00,0,0,0.00,0.00,0,0
1445830139,eth0,0.00,0.00,0.00,0,0,0.00,0.00,0.00,0,0,0.00,0.00,0,0
1445830139,s2,0.00,0.00,0.00,0,0,0.00,0.00,0.00,0,0,0.00,0.00,0,0
1445830139,eth1,0.00,0.00,0.00,0,0,0.00,0.00,0.00,0,0,0.00,0.00,0,0
1445830139,s2-eth2,83466.00,5574240.00,5657706.00,5574240,83466,1265.00,1264.00,2529.00,1264,1265,0.00,0.00,0,0
1445830139,s2-eth1,5574240.00,83400.00,5657640.00,83400,5574240,1264.00,1264.00,2528.00,1264,1264,0.00,0.00,0,0
1445830139,s1-eth2,83400.00,5574240.00,5657640.00,5574240,83400,1264.00,1264.00,2528.00,1264,1264,0.00,0.00,0,0
1445830139,s1-eth1,5574240.00,83466.00,5657706.00,83466,5574240,1264.00,1265.00,2529.00,1265,1264,0.00,0.00,0,0
1445830139,total,11315938.00,11315938.00,22631876.00,11315938,11315938,5063.00,5063.00,10126.00,5063,5063,0.00,0.00,0,0
1445830140,lo,0.00,0.00,0.00,0,0,0.00,0.00,0.00,0,0,0.00,0.00,0,0
1445830140,s1,0.00,0.00,0.00,0,0,0.00,0.00,0.00,0,0,0.00,0.00,0,0
1445830140,eth0,0.00,0.00,0.00,0,0,0.00,0.00,0.00,0,0,0.00,0.00,0,0
1445830140,s2,0.00,0.00,0.00,0,0,0.00,0.00,0.00,0,0,0.00,0.00,0,0
1445830140,eth1,0.00,0.00,0.00,0,0,0.00,0.00,0.00,0,0,0.00,0.00,0,0
1445830140,s2-eth2,84876.00,5671302.00,5756178.00,5671302,84876,1286.00,1287.00,2573.00,1287,1286,0.00,0.00,0,0
1445830140,s2-eth1,5671302.00,84942.00,5756244.00,84942,5671302,1287.00,1287.00,2574.00,1287,1287,0.00,0.00,0,0
1445830140,s1-eth2,84942.00,5671302.00,5756244.00,5671302,84942,1287.00,1287.00,2574.00,1287,1287,0.00,0.00,0,0
1445830140,s1-eth1,5671302.00,84876.00,5756178.00,84876,5671302,1287.00,1286.00,2573.00,1286,1287,0.00,0.00,0,0
1445830140,total,11512422.00,11512422.00,23024844.00,11512422,11512422,5147.00,5147.00,10294.00,5147,5147,0.00,0.00,0,0
1445830141,lo,0.00,0.00,0.00,0,0,0.00,0.00,0.00,0,0,0.00,0.00,0,0
1445830141,s1,0.00,0.00,0.00,0,0,0.00,0.00,0.00,0,0,0.00,0.00,0,0
1445830141,eth0,0.00,0.00,0.00,0,0,0.00,0.00,0.00,0,0,0.00,0.00,0,0
1445830141,s2,0.00,0.00,0.00,0,0,0.00,0.00,0.00,0,0,0.00,0.00,0,0
1445830141,eth1,0.00,0.00,0.00,0,0,0.00,0.00,0.00,0,0,0.00,0.00,0,0
1445830141,s2-eth2,83490.00,5569830.00,5653320.00,5569830,83490,1265.00,1263.00,2528.00,1263,1265,0.00,0.00,0,0
1445830141,s2-eth1,5569830.00,83424.00,5653254.00,83424,5569830,1263.00,1264.00,2527.00,1264,1263,0.00,0.00,0,0
1445830141,s1-eth2,83424.00,5569830.00,5653254.00,5569830,83424,1264.00,1263.00,2527.00,1263,1264,0.00,0.00,0,0
1445830141,s1-eth1,5569830.00,83358.00,5653188.00,83358,5569830,1263.00,1263.00,2526.00,1263,1263,0.00,0.00,0,0
1445830141,total,11306574.00,11306442.00,22613016.00,11306442,11306574,5055.00,5053.00,10108.00,5053,5055,0.00,0.00,0,0
1445830142,lo,0.00,0.00,0.00,0,0,0.00,0.00,0.00,0,0,0.00,0.00,0,0
1445830142,s1,0.00,0.00,0.00,0,0,0.00,0.00,0.00,0,0,0.00,0.00,0,0
1445830142,eth0,0.00,0.00,0.00,0,0,0.00,0.00,0.00,0,0,0.00,0.00,0,0
1445830142,s2,0.00,0.00,0.00,0,0,0.00,0.00,0.00,0,0,0.00,0.00,0,0
1445830142,eth1,0.00,0.00,0.00,0,0,0.00,0.00,0.00,0,0,0.00,0.00,0,0
1445830142,s2-eth2,82830.00,5543370.00,5626200.00,5543370,82830,1255.00,1257.00,2512.00,1257,1255,0.00,0.00,0,0
1445830142,s2-eth1,5543370.00,82830.00,5626200.00,82830,5543370,1257.00,1255.00,2512.00,1255,1257,0.00,0.00,0,0
1445830142,s1-eth2,82830.00,5543370.00,5626200.00,5543370,82830,1255.00,1257.00,2512.00,1257,1255,0.00,0.00,0,0
1445830142,s1-eth1,5543370.00,82962.00,5626332.00,82962,5543370,1257.00,1257.00,2514.00,1257,1257,0.00,0.00,0,0
1445830142,total,11252400.00,11252532.00,22504932.00,11252532,11252400,5024.00,5026.00,10050.00,5026,5024,0.00,0.00,0,0
1445830143,lo,0.00,0.00,0.00,0,0,0.00,0.00,0.00,0,0,0.00,0.00,0,0
1445830143,s1,0.00,0.00,0.00,0,0,0.00,0.00,0.00,0,0,0.00,0.00,0,0
1445830143,eth0,0.00,0.00,0.00,0,0,0.00,0.00,0.00,0,0,0.00,0.00,0,0
1445830143,s2,0.00,0.00,0.00,0,0,0.00,0.00,0.00,0,0,0.00,0.00,0,0
1445830143,eth1,0.00,0.00,0.00,0,0,0.00,0.00,0.00,0,0,0.00,0.00,0,0
1445830143,s2-eth2,86064.00,5605752.00,5691816.00,5605752,86064,1304.00,1544.00,2848.00,1544,1304,0.00,0.00,0,0
1445830143,s2-eth1,5593376.00,86592.00,5679968.00,86592,5593376,1532.00,1312.00,2844.00,1312,1532,0.00,0.00,0,0
1445830143,s1-eth2,86592.00,5593376.00,5679968.00,5593376,86592,1312.00,1532.00,2844.00,1532,1312,0.00,0.00,0,0
1445830143,s1-eth1,5594032.00,86988.00,5681020.00,86988,5594032,1520.00,1318.00,2838.00,1318,1520,0.00,0.00,0,0
1445830143,total,11360064.00,11372708.00,22732772.00,11372708,11360064,5668.00,5706.00,11374.00,5706,5668,0.00,0.00,0,0
1445830144,lo,344.00,344.00,688.00,344,344,6.00,6.00,12.00,6,6,0.00,0.00,0,0
1445830144,s1,0.00,0.00,0.00,0,0,0.00,0.00,0.00,0,0,0.00,0.00,0,0
1445830144,eth0,0.00,0.00,0.00,0,0,0.00,0.00,0.00,0,0,0.00,0.00,0,0
1445830144,s2,0.00,0.00,0.00,0,0,0.00,0.00,0.00,0,0,0.00,0.00,0,0
1445830144,eth1,0.00,0.00,0.00,0,0,0.00,0.00,0.00,0,0,0.00,0.00,0,0
1445830144,s2-eth2,88285.72,5654759.39,5743045.11,5660414,88374,1337.66,1361.64,2699.30,1363,1339,0.00,0.00,0,0
1445830144,s2-eth1,5653906.25,87824.18,5741730.43,87912,5659560,1370.63,1330.67,2701.30,1332,1372,0.00,0.00,0,0
1445830144,s1-eth2,87824.18,5653906.25,5741730.43,5659560,87912,1330.67,1370.63,2701.30,1372,1332,0.00,0.00,0,0
1445830144,s1-eth1,5644439.71,87362.64,5731802.35,87450,5650084,1380.62,1323.68,2704.30,1325,1382,0.00,0.00,0,0
1445830144,total,11474799.51,11484196.12,22958995.63,11495680,11486274,5425.57,5392.61,10818.18,5398,5431,0.00,0.00,0,0
1445830145,lo,0.00,0.00,0.00,0,0,0.00,0.00,0.00,0,0,0.00,0.00,0,0
1445830145,s1,0.00,0.00,0.00,0,0,0.00,0.00,0.00,0,0,0.00,0.00,0,0
1445830145,eth0,0.00,0.00,0.00,0,0,0.00,0.00,0.00,0,0,0.00,0.00,0,0
1445830145,s2,0.00,0.00,0.00,0,0,0.00,0.00,0.00,0,0,0.00,0.00,0,0
1445830145,eth1,0.00,0.00,0.00,0,0,0.00,0.00,0.00,0,0,0.00,0.00,0,0
1445830145,s2-eth2,84263.74,5625944.21,5710207.95,5631570,84348,1276.72,1275.72,2552.45,1277,1278,0.00,0.00,0,0
1445830145,s2-eth1,5625944.21,84263.74,5710207.95,84348,5631570,1275.72,1276.72,2552.45,1278,1277,0.00,0.00,0,0
1445830145,s1-eth2,84263.74,5625944.21,5710207.95,5631570,84348,1276.72,1275.72,2552.45,1277,1278,0.00,0.00,0,0
1445830145,s1-eth1,5625944.21,84197.80,5710142.01,84282,5631570,1275.72,1275.72,2551.45,1277,1277,0.00,0.00,0,0
1445830145,total,11420415.89,11420349.96,22840765.86,11431770,11431836,5104.90,5103.90,10208.79,5109,5110,0.00,0.00,0,0
1445830146,lo,0.00,0.00,0.00,0,0,0.00,0.00,0.00,0,0,0.00,0.00,0,0
1445830146,s1,0.00,0.00,0.00,0,0,0.00,0.00,0.00,0,0,0.00,0.00,0,0
1445830146,eth0,0.00,0.00,0.00,0,0,0.00,0.00,0.00,0,0,0.00,0.00,0,0
1445830146,s2,0.00,0.00,0.00,0,0,0.00,0.00,0.00,0,0,0.00,0.00,0,0
1445830146,eth1,0.00,0.00,0.00,0,0,0.00,0.00,0.00,0,0,0.00,0.00,0,0
1445830146,s2-eth2,84216.00,5635980.00,5720196.00,5635980,84216,1276.00,1278.00,2554.00,1278,1276,0.00,0.00,0,0
1445830146,s2-eth1,5635980.00,84282.00,5720262.00,84282,5635980,1278.00,1277.00,2555.00,1277,1278,0.00,0.00,0,0
1445830146,s1-eth2,84282.00,5635980.00,5720262.00,5635980,84282,1277.00,1278.00,2555.00,1278,1277,0.00,0.00,0,0
1445830146,s1-eth1,5635980.00,84348.00,5720328.00,84348,5635980,1278.00,1278.00,2556.00,1278,1278,0.00,0.00,0,0
1445830146,total,11440458.00,11440590.00,22881048.00,11440590,11440458,5109.00,5111.00,10220.00,5111,5109,0.00,0.00,0,0
1445830147,lo,0.00,0.00,0.00,0,0,0.00,0.00,0.00,0,0,0.00,0.00,0,0
1445830147,s1,0.00,0.00,0.00,0,0,0.00,0.00,0.00,0,0,0.00,0.00,0,0
1445830147,eth0,0.00,0.00,0.00,0,0,0.00,0.00,0.00,0,0,0.00,0.00,0,0
1445830147,s2,0.00,0.00,0.00,0,0,0.00,0.00,0.00,0,0,0.00,0.00,0,0
1445830147,eth1,0.00,0.00,0.00,0,0,0.00,0.00,0.00,0,0,0.00,0.00,0,0
1445830147,s2-eth2,84282.00,5631570.00,5715852.00,5631570,84282,1277.00,1277.00,2554.00,1277,1277,0.00,0.00,0,0
1445830147,s2-eth1,5631570.00,84216.00,5715786.00,84216,5631570,1277.00,1276.00,2553.00,1276,1277,0.00,0.00,0,0
1445830147,s1-eth2,84216.00,5631570.00,5715786.00,5631570,84216,1276.00,1277.00,2553.00,1277,1276,0.00,0.00,0,0
1445830147,s1-eth1,5631570.00,84282.00,5715852.00,84282,5631570,1277.00,1277.00,2554.00,1277,1277,0.00,0.00,0,0
1445830147,total,11431638.00,11431638.00,22863276.00,11431638,11431638,5107.00,5107.00,10214.00,5107,5107,0.00,0.00,0,0
1445830148,lo,0.00,0.00,0.00,0,0,0.00,0.00,0.00,0,0,0.00,0.00,0,0
1445830148,s1,0.00,0.00,0.00,0,0,0.00,0.00,0.00,0,0,0.00,0.00,0,0
1445830148,eth0,0.00,0.00,0.00,0,0,0.00,0.00,0.00,0,0,0.00,0.00,0,0
1445830148,s2,0.00,0.00,0.00,0,0,0.00,0.00,0.00,0,0,0.00,0.00,0,0
1445830148,eth1,0.00,0.00,0.00,0,0,0.00,0.00,0.00,0,0,0.00,0.00,0,0
1445830148,s2-eth2,85404.00,5702130.00,5787534.00,5702130,85404,1294.00,1293.00,2587.00,1293,1294,0.00,0.00,0,0
1445830148,s2-eth1,5706540.00,85470.00,5792010.00,85470,5706540,1294.00,1295.00,2589.00,1295,1294,0.00,0.00,0,0
1445830148,s1-eth2,85470.00,5706540.00,5792010.00,5706540,85470,1295.00,1294.00,2589.00,1294,1295,0.00,0.00,0,0
1445830148,s1-eth1,5706540.00,85404.00,5791944.00,85404,5706540,1294.00,1294.00,2588.00,1294,1294,0.00,0.00,0,0
1445830148,total,11583954.00,11579544.00,23163498.00,11579544,11583954,5177.00,5176.00,10353.00,5176,5177,0.00,0.00,0,0
1445830149,lo,343.66,343.66,687.31,344,344,5.99,5.99,11.99,6,6,0.00,0.00,0,0
1445830149,s1,0.00,0.00,0.00,0,0,0.00,0.00,0.00,0,0,0.00,0.00,0,0
1445830149,eth0,0.00,0.00,0.00,0,0,0.00,0.00,0.00,0,0,0.00,0.00,0,0
1445830149,s2,0.00,0.00,0.00,0,0,0.00,0.00,0.00,0,0,0.00,0.00,0,0
1445830149,eth1,0.00,0.00,0.00,0,0,0.00,0.00,0.00,0,0,0.00,0.00,0,0
1445830149,s2-eth2,80307.69,5366014.13,5446321.83,5371380,80388,1216.78,1216.78,2433.57,1218,1218,0.00,0.00,0,0
1445830149,s2-eth1,5361608.54,80241.76,5441850.30,80322,5366970,1215.78,1215.78,2431.57,1217,1217,0.00,0.00,0,0
1445830149,s1-eth2,80241.76,5361608.54,5441850.30,5366970,80322,1215.78,1215.78,2431.57,1217,1217,0.00,0.00,0,0
1445830149,s1-eth1,5361608.54,80241.76,5441850.30,80322,5366970,1215.78,1215.78,2431.57,1217,1217,0.00,0.00,0,0
1445830149,total,10884110.19,10888449.85,21772560.03,10899338,10894994,4870.13,4870.13,9740.26,4875,4875,0.00,0.00,0,0
1445830150,lo,0.00,0.00,0.00,0,0,0.00,0.00,0.00,0,0,0.00,0.00,0,0
1445830150,s1,0.00,0.00,0.00,0,0,0.00,0.00,0.00,0,0,0.00,0.00,0,0
1445830150,eth0,0.00,0.00,0.00,0,0,0.00,0.00,0.00,0,0,0.00,0.00,0,0
1445830150,s2,0.00,0.00,0.00,0,0,0.00,0.00,0.00,0,0,0.00,0.00,0,0
1445830150,eth1,0.00,0.00,0.00,0,0,0.00,0.00,0.00,0,0,0.00,0.00,0,0
1445830150,s2-eth2,97350.00,5749776.00,5847126.00,5749776,97350,1475.00,1620.00,3095.00,1620,1475,0.00,0.00,0,0
1445830150,s2-eth1,5748437.72,97318.68,5845756.40,97416,5754186,1619.38,1474.53,3093.91,1476,1621,0.00,0.00,0,0
1445830150,s1-eth2,97416.00,5754186.00,5851602.00,5754186,97416,1476.00,1621.00,3097.00,1621,1476,0.00,0.00,0,0
1445830150,s1-eth1,5754186.00,97350.00,5851536.00,97350,5754186,1621.00,1475.00,3096.00,1475,1621,0.00,0.00,0,0
1445830150,total,11703138.00,11698728.00,23401866.00,11698728,11703138,6193.00,6192.00,12385.00,6192,6193,0.00,0.00,0,0
1445830151,lo,0.00,0.00,0.00,0,0,0.00,0.00,0.00,0,0,0.00,0.00,0,0
1445830151,s1,0.00,0.00,0.00,0,0,0.00,0.00,0.00,0,0,0.00,0.00,0,0
1445830151,eth0,0.00,0.00,0.00,0,0,0.00,0.00,0.00,0,0,0.00,0.00,0,0
1445830151,s2,0.00,0.00,0.00,0,0,0.00,0.00,0.00,0,0,0.00,0.00,0,0
1445830151,eth1,0.00,0.00,0.00,0,0,0.00,0.00,0.00,0,0,0.00,0.00,0,0
1445830151,s2-eth2,84480.00,5649210.00,5733690.00,5649210,84480,1280.00,1281.00,2561.00,1281,1280,0.00,0.00,0,0
1445830151,s2-eth1,5644800.00,84414.00,5729214.00,84414,5644800,1280.00,1279.00,2559.00,1279,1280,0.00,0.00,0,0
1445830151,s1-eth2,84414.00,5644800.00,5729214.00,5644800,84414,1279.00,1280.00,2559.00,1280,1279,0.00,0.00,0,0
1445830151,s1-eth1,5644800.00,84480.00,5729280.00,84480,5644800,1280.00,1280.00,2560.00,1280,1280,0.00,0.00,0,0
1445830151,total,11458494.00,11462904.00,22921398.00,11462904,11458494,5119.00,5120.00,10239.00,5120,5119,0.00,0.00,0,0
1445830152,lo,0.00,0.00,0.00,0,0,0.00,0.00,0.00,0,0,0.00,0.00,0,0
1445830152,s1,0.00,0.00,0.00,0,0,0.00,0.00,0.00,0,0,0.00,0.00,0,0
1445830152,eth0,0.00,0.00,0.00,0,0,0.00,0.00,0.00,0,0,0.00,0.00,0,0
1445830152,s2,0.00,0.00,0.00,0,0,0.00,0.00,0.00,0,0,0.00,0.00,0,0
1445830152,eth1,0.00,0.00,0.00,0,0,0.00,0.00,0.00,0,0,0.00,0.00,0,0
1445830152,s2-eth2,84000.00,5617133.02,5701133.02,5622750,84084,1272.73,1273.73,2546.45,1275,1274,0.00,0.00,0,0
1445830152,s2-eth1,5617133.02,84000.00,5701133.02,84084,5622750,1273.73,1272.73,2546.45,1274,1275,0.00,0.00,0,0
1445830152,s1-eth2,84000.00,5617133.02,5701133.02,5622750,84084,1272.73,1273.73,2546.45,1275,1274,0.00,0.00,0,0
1445830152,s1-eth1,5617133.02,84065.94,5701198.96,84150,5622750,1273.73,1273.73,2547.45,1275,1275,0.00,0.00,0,0
1445830152,total,11402266.04,11402331.98,22804598.02,11413734,11413668,5092.91,5093.91,10186.81,5099,5098,0.00,0.00,0,0
1445830153,lo,0.00,0.00,0.00,0,0,0.00,0.00,0.00,0,0,0.00,0.00,0,0
1445830153,s1,0.00,0.00,0.00,0,0,0.00,0.00,0.00,0,0,0.00,0.00,0,0
1445830153,eth0,0.00,0.00,0.00,0,0,0.00,0.00,0.00,0,0,0.00,0.00,0,0
1445830153,s2,0.00,0.00,0.00,0,0,0.00,0.00,0.00,0,0,0.00,0.00,0,0
1445830153,eth1,0.00,0.00,0.00,0,0,0.00,0.00,0.00,0,0,0.00,0.00,0,0
1445830153,s2-eth2,83886.00,5600700.00,5684586.00,5600700,83886,1271.00,1270.00,2541.00,1270,1271,0.00,0.00,0,0
1445830153,s2-eth1,5600700.00,83820.00,5684520.00,83820,5600700,1270.00,1270.00,2540.00,1270,1270,0.00,0.00,0,0
1445830153,s1-eth2,83820.00,5600700.00,5684520.00,5600700,83820,1270.00,1270.00,2540.00,1270,1270,0.00,0.00,0,0
1445830153,s1-eth1,5600700.00,83820.00,5684520.00,83820,5600700,1270.00,1270.00,2540.00,1270,1270,0.00,0.00,0,0
1445830153,total,11369106.00,11369040.00,22738146.00,11369040,11369106,5081.00,5080.00,10161.00,5080,5081,0.00,0.00,0,0
1445830154,lo,344.00,344.00,688.00,344,344,6.00,6.00,12.00,6,6,0.00,0.00,0,0
1445830154,s1,0.00,0.00,0.00,0,0,0.00,0.00,0.00,0,0,0.00,0.00,0,0
1445830154,eth0,0.00,0.00,0.00,0,0,0.00,0.00,0.00,0,0,0.00,0.00,0,0
1445830154,s2,0.00,0.00,0.00,0,0,0.00,0.00,0.00,0,0,0.00,0.00,0,0
1445830154,eth1,0.00,0.00,0.00,0,0,0.00,0.00,0.00,0,0,0.00,0.00,0,0
1445830154,s2-eth2,82104.00,5481630.00,5563734.00,5481630,82104,1244.00,1243.00,2487.00,1243,1244,0.00,0.00,0,0
1445830154,s2-eth1,5481630.00,82170.00,5563800.00,82170,5481630,1243.00,1245.00,2488.00,1245,1243,0.00,0.00,0,0
1445830154,s1-eth2,82170.00,5481630.00,5563800.00,5481630,82170,1245.00,1243.00,2488.00,1243,1245,0.00,0.00,0,0
1445830154,s1-eth1,5477220.00,82038.00,5559258.00,82038,5477220,1242.00,1243.00,2485.00,1243,1242,0.00,0.00,0,0
1445830154,total,11123468.00,11127812.00,22251280.00,11127812,11123468,4980.00,4980.00,9960.00,4980,4980,0.00,0.00,0,0
1445830155,lo,0.00,0.00,0.00,0,0,0.00,0.00,0.00,0,0,0.00,0.00,0,0
1445830155,s1,0.00,0.00,0.00,0,0,0.00,0.00,0.00,0,0,0.00,0.00,0,0
1445830155,eth0,0.00,0.00,0.00,0,0,0.00,0.00,0.00,0,0,0.00,0.00,0,0
1445830155,s2,0.00,0.00,0.00,0,0,0.00,0.00,0.00,0,0,0.00,0.00,0,0
1445830155,eth1,0.00,0.00,0.00,0,0,0.00,0.00,0.00,0,0,0.00,0.00,0,0
1445830155,s2-eth2,82632.00,5530140.00,5612772.00,5530140,82632,1252.00,1254.00,2506.00,1254,1252,0.00,0.00,0,0
1445830155,s2-eth1,5534550.00,82566.00,5617116.00,82566,5534550,1255.00,1251.00,2506.00,1251,1255,0.00,0.00,0,0
1445830155,s1-eth2,82566.00,5534550.00,5617116.00,5534550,82566,1251.00,1255.00,2506.00,1255,1251,0.00,0.00,0,0
1445830155,s1-eth1,5530140.00,82698.00,5612838.00,82698,5530140,1254.00,1253.00,2507.00,1253,1254,0.00,0.00,0,0
1445830155,total,11229888.00,11229954.00,22459842.00,11229954,11229888,5012.00,5013.00,10025.00,5013,5012,0.00,0.00,0,0
1445830156,lo,0.00,0.00,0.00,0,0,0.00,0.00,0.00,0,0,0.00,0.00,0,0
1445830156,s1,0.00,0.00,0.00,0,0,0.00,0.00,0.00,0,0,0.00,0.00,0,0
1445830156,eth0,0.00,0.00,0.00,0,0,0.00,0.00,0.00,0,0,0.00,0.00,0,0
1445830156,s2,0.00,0.00,0.00,0,0,0.00,0.00,0.00,0,0,0.00,0.00,0,0
1445830156,eth1,0.00,0.00,0.00,0,0,0.00,0.00,0.00,0,0,0.00,0.00,0,0
1445830156,s2-eth2,81840.00,5463990.00,5545830.00,5463990,81840,1240.00,1239.00,2479.00,1239,1240,0.00,0.00,0,0
1445830156,s2-eth1,5459580.00,81906.00,5541486.00,81906,5459580,1238.00,1241.00,2479.00,1241,1238,0.00,0.00,0,0
1445830156,s1-eth2,81906.00,5459580.00,5541486.00,5459580,81906,1241.00,1238.00,2479.00,1238,1241,0.00,0.00,0,0
1445830156,s1-eth1,5463990.00,81840.00,5545830.00,81840,5463990,1239.00,1240.00,2479.00,1240,1239,0.00,0.00,0,0
1445830156,total,11087316.00,11087316.00,22174632.00,11087316,11087316,4958.00,4958.00,9916.00,4958,4958,0.00,0.00,0,0
1445830157,lo,0.00,0.00,0.00,0,0,0.00,0.00,0.00,0,0,0.00,0.00,0,0
1445830157,s1,0.00,0.00,0.00,0,0,0.00,0.00,0.00,0,0,0.00,0.00,0,0
1445830157,eth0,0.00,0.00,0.00,0,0,0.00,0.00,0.00,0,0,0.00,0.00,0,0
1445830157,s2,0.00,0.00,0.00,0,0,0.00,0.00,0.00,0,0,0.00,0.00,0,0
1445830157,eth1,0.00,0.00,0.00,0,0,0.00,0.00,0.00,0,0,0.00,0.00,0,0
1445830157,s2-eth2,71335.33,4721171.79,4792507.12,4730614,71478,1080.84,1072.85,2153.69,1075,1083,0.00,0.00,0,0
1445830157,s2-eth1,4709281.57,71269.46,4780551.03,71412,4718700,1067.86,1079.84,2147.70,1082,1070,0.00,0.00,0,0
1445830157,s1-eth2,71269.46,4709281.57,4780551.03,4718700,71412,1079.84,1067.86,2147.70,1070,1082,0.00,0.00,0,0
1445830157,s1-eth1,4713682.76,70808.39,4784491.15,70950,4723110,1068.86,1072.85,2141.72,1075,1071,0.00,0.00,0,0
1445830157,total,9565569.12,9572531.20,19138100.32,9591676,9584700,4297.41,4293.41,8590.82,4302,4306,0.00,0.00,0,0
1445830158,lo,0.00,0.00,0.00,0,0,0.00,0.00,0.00,0,0,0.00,0.00,0,0
1445830158,s1,0.00,0.00,0.00,0,0,0.00,0.00,0.00,0,0,0.00,0.00,0,0
1445830158,eth0,0.00,0.00,0.00,0,0,0.00,0.00,0.00,0,0,0.00,0.00,0,0
1445830158,s2,0.00,0.00,0.00,0,0,0.00,0.00,0.00,0,0,0.00,0.00,0,0
1445830158,eth1,0.00,0.00,0.00,0,0,0.00,0.00,0.00,0,0,0.00,0.00,0,0
1445830158,s2-eth2,79186.82,4254437.68,4333624.49,4258692,79266,1199.80,1404.60,2604.40,1406,1201,0.00,0.00,0,0
1445830158,s2-eth1,4253122.99,79054.95,4332177.94,79134,4257376,1406.59,1197.80,2604.40,1199,1408,0.00,0.00,0,0
1445830158,s1-eth2,79054.95,4253122.99,4332177.94,4257376,79134,1197.80,1406.59,2604.40,1408,1199,0.00,0.00,0,0
1445830158,s1-eth1,4191226.00,79398.00,4270624.00,79398,4191226,1393.00,1203.00,2596.00,1203,1393,0.00,0.00,0,0
1445830158,total,8607002.00,8674600.00,17281602.00,8674600,8607002,5201.00,5216.00,10417.00,5216,5201,0.00,0.00,0,0
1445830159,lo,335.94,335.94,671.88,344,344,5.86,5.86,11.72,6,6,0.00,0.00,0,0
1445830159,s1,0.00,0.00,0.00,0,0,0.00,0.00,0.00,0,0,0.00,0.00,0,0
1445830159,eth0,0.00,0.00,0.00,0,0,0.00,0.00,0.00,0,0,0.00,0.00,0,0
1445830159,s2,0.00,0.00,0.00,0,0,0.00,0.00,0.00,0,0,0.00,0.00,0,0
1445830159,eth1,0.00,0.00,0.00,0,0,0.00,0.00,0.00,0,0,0.00,0.00,0,0
1445830159,s2-eth2,82822.27,4822677.73,4905500.00,4938422,84810,1254.88,1510.74,2765.62,1547,1285,0.00,0.00,0,0
1445830159,s2-eth1,4821968.75,83337.89,4905306.64,85338,4937696,1500.00,1262.70,2762.70,1293,1536,0.00,0.00,0,0
1445830159,s1-eth2,83337.89,4821968.75,4905306.64,4937696,85338,1262.70,1500.00,2762.70,1536,1293,0.00,0.00,0,0
1445830159,s1-eth1,4788796.88,83337.89,4872134.77,85338,4903728,1468.75,1262.70,2731.45,1293,1504,0.00,0.00,0,0
1445830159,total,9777261.72,9811658.20,19588919.92,10047138,10011916,5492.19,5541.99,11034.18,5675,5624,0.00,0.00,0,0
1445830160,lo,0.00,0.00,0.00,0,0,0.00,0.00,0.00,0,0,0.00,0.00,0,0
1445830160,s1,0.00,0.00,0.00,0,0,0.00,0.00,0.00,0,0,0.00,0.00,0,0
1445830160,eth0,0.00,0.00,0.00,0,0,0.00,0.00,0.00,0,0,0.00,0.00,0,0
1445830160,s2,0.00,0.00,0.00,0,0,0.00,0.00,0.00,0,0,0.00,0.00,0,0
1445830160,eth1,0.00,120.00,120.00,120,0,0.00,2.00,2.00,2,0,0.00,0.00,0,0
1445830160,s2-eth2,88044.00,5556674.00,5644718.00,5556674,88044,1334.00,1305.00,2639.00,1305,1334,0.00,0.00,0,0
1445830160,s2-eth1,5561810.00,87714.00,5649524.00,87714,5561810,1317.00,1329.00,2646.00,1329,1317,0.00,0.00,0,0
1445830160,s1-eth2,87714.00,5561810.00,5649524.00,5561810,87714,1329.00,1317.00,2646.00,1317,1329,0.00,0.00,0,0
1445830160,s1-eth1,5560498.00,87912.00,5648410.00,87912,5560498,1341.00,1332.00,2673.00,1332,1341,0.00,0.00,0,0
1445830160,total,11298066.00,11294230.00,22592296.00,11294230,11298066,5321.00,5285.00,10606.00,5285,5321,0.00,0.00,0,0
1445830161,lo,0.00,0.00,0.00,0,0,0.00,0.00,0.00,0,0,0.00,0.00,0,0
1445830161,s1,0.00,0.00,0.00,0,0,0.00,0.00,0.00,0,0,0.00,0.00,0,0
1445830161,eth0,0.00,0.00,0.00,0,0,0.00,0.00,0.00,0,0,0.00,0.00,0,0
1445830161,s2,0.00,0.00,0.00,0,0,0.00,0.00,0.00,0,0,0.00,0.00,0,0
1445830161,eth1,0.00,60.00,60.00,60,0,0.00,1.00,1.00,1,0,0.00,0.00,0,0
1445830161,s2-eth2,84744.00,5658030.00,5742774.00,5658030,84744,1284.00,1283.00,2567.00,1283,1284,0.00,0.00,0,0
1445830161,s2-eth1,5658030.00,84744.00,5742774.00,84744,5658030,1283.00,1284.00,2567.00,1284,1283,0.00,0.00,0,0
1445830161,s1-eth2,84744.00,5658030.00,5742774.00,5658030,84744,1284.00,1283.00,2567.00,1283,1284,0.00,0.00,0,0
1445830161,s1-eth1,5658030.00,84678.00,5742708.00,84678,5658030,1283.00,1283.00,2566.00,1283,1283,0.00,0.00,0,0
1445830161,total,11485548.00,11485542.00,22971090.00,11485542,11485548,5134.00,5134.00,10268.00,5134,5134,0.00,0.00,0,0
1445830162,lo,0.00,0.00,0.00,0,0,0.00,0.00,0.00,0,0,0.00,0.00,0,0
1445830162,s1,0.00,0.00,0.00,0,0,0.00,0.00,0.00,0,0,0.00,0.00,0,0
1445830162,eth0,0.00,0.00,0.00,0,0,0.00,0.00,0.00,0,0,0.00,0.00,0,0
1445830162,s2,0.00,0.00,0.00,0,0,0.00,0.00,0.00,0,0,0.00,0.00,0,0
1445830162,eth1,0.00,0.00,0.00,0,0,0.00,0.00,0.00,0,0,0.00,0.00,0,0
1445830162,s2-eth2,82434.00,5512500.00,5594934.00,5512500,82434,1249.00,1250.00,2499.00,1250,1249,0.00,0.00,0,0
1445830162,s2-eth1,5512500.00,82500.00,5595000.00,82500,5512500,1250.00,1250.00,2500.00,1250,1250,0.00,0.00,0,0
1445830162,s1-eth2,82500.00,5512500.00,5595000.00,5512500,82500,1250.00,1250.00,2500.00,1250,1250,0.00,0.00,0,0
1445830162,s1-eth1,5512500.00,82500.00,5595000.00,82500,5512500,1250.00,1250.00,2500.00,1250,1250,0.00,0.00,0,0
1445830162,total,11189934.00,11190000.00,22379934.00,11190000,11189934,4999.00,5000.00,9999.00,5000,4999,0.00,0.00,0,0
1445830163,lo,0.00,0.00,0.00,0,0,0.00,0.00,0.00,0,0,0.00,0.00,0,0
1445830163,s1,0.00,0.00,0.00,0,0,0.00,0.00,0.00,0,0,0.00,0.00,0,0
1445830163,eth0,0.00,0.00,0.00,0,0,0.00,0.00,0.00,0,0,0.00,0.00,0,0
1445830163,s2,0.00,0.00,0.00,0,0,0.00,0.00,0.00,0,0,0.00,0.00,0,0
1445830163,eth1,0.00,120.00,120.00,120,0,0.00,2.00,2.00,2,0,0.00,0.00,0,0
1445830163,s2-eth2,84084.00,5622750.00,5706834.00,5622750,84084,1274.00,1275.00,2549.00,1275,1274,0.00,0.00,0,0
1445830163,s2-eth1,5622750.00,84018.00,5706768.00,84018,5622750,1275.00,1273.00,2548.00,1273,1275,0.00,0.00,0,0
1445830163,s1-eth2,84018.00,5622750.00,5706768.00,5622750,84018,1273.00,1275.00,2548.00,1275,1273,0.00,0.00,0,0
1445830163,s1-eth1,5622750.00,84150.00,5706900.00,84150,5622750,1275.00,1275.00,2550.00,1275,1275,0.00,0.00,0,0
1445830163,total,11413602.00,11413788.00,22827390.00,11413788,11413602,5097.00,5100.00,10197.00,5100,5097,0.00,0.00,0,0
1445830164,lo,343.66,343.66,687.31,344,344,5.99,5.99,11.99,6,6,0.00,0.00,0,0
1445830164,s1,0.00,0.00,0.00,0,0,0.00,0.00,0.00,0,0,0.00,0.00,0,0
1445830164,eth0,0.00,0.00,0.00,0,0,0.00,0.00,0.00,0,0,0.00,0.00,0,0
1445830164,s2,0.00,0.00,0.00,0,0,0.00,0.00,0.00,0,0,0.00,0.00,0,0
1445830164,eth1,0.00,59.94,59.94,60,0,0.00,1.00,1.00,1,0,0.00,0.00,0,0
1445830164,s2-eth2,83472.53,5573077.07,5656549.60,5578650,83556,1264.74,1263.74,2528.47,1265,1266,0.00,0.00,0,0
1445830164,s2-eth1,5568671.48,83472.53,5652144.01,83556,5574240,1262.74,1264.74,2527.47,1266,1264,0.00,0.00,0,0
1445830164,s1-eth2,83472.53,5568671.48,5652144.01,5574240,83556,1264.74,1262.74,2527.47,1264,1266,0.00,0.00,0,0
1445830164,s1-eth1,5568671.48,83340.66,5652012.14,83424,5574240,1262.74,1262.74,2525.47,1264,1264,0.00,0.00,0,0
1445830164,total,11304631.68,11308965.34,22613597.02,11320274,11315936,5060.94,5060.94,10121.88,5066,5066,0.00,0.00,0,0
1445830165,lo,0.00,0.00,0.00,0,0,0.00,0.00,0.00,0,0,0.00,0.00,0,0
1445830165,s1,0.00,0.00,0.00,0,0,0.00,0.00,0.00,0,0,0.00,0.00,0,0
1445830165,eth0,0.00,0.00,0.00,0,0,0.00,0.00,0.00,0,0,0.00,0.00,0,0
1445830165,s2,0.00,0.00,0.00,0,0,0.00,0.00,0.00,0,0,0.00,0.00,0,0
1445830165,eth1,0.00,0.00,0.00,0,0,0.00,0.00,0.00,0,0,0.00,0.00,0,0
1445830165,s2-eth2,60324.00,3541220.00,3601544.00,3541220,60324,914.00,806.00,1720.00,806,914,0.00,0.00,0,0
1445830165,s2-eth1,3638240.00,59466.00,3697706.00,59466,3638240,828.00,901.00,1729.00,901,828,0.00,0.00,0,0
1445830165,s1-eth2,59466.00,3638240.00,3697706.00,3638240,59466,901.00,828.00,1729.00,828,901,0.00,0.00,0,0
1445830165,s1-eth1,3858740.00,58674.00,3917414.00,58674,3858740,878.00,889.00,1767.00,889,878,0.00,0.00,0,0
1445830165,total,7616770.00,7297600.00,14914370.00,7297600,7616770,3521.00,3424.00,6945.00,3424,3521,0.00,0.00,0,0
1445830166,lo,0.00,0.00,0.00,0,0,0.00,0.00,0.00,0,0,0.00,0.00,0,0
1445830166,s1,0.00,0.00,0.00,0,0,0.00,0.00,0.00,0,0,0.00,0.00,0,0
1445830166,eth0,0.00,0.00,0.00,0,0,0.00,0.00,0.00,0,0,0.00,0.00,0,0
1445830166,s2,0.00,0.00,0.00,0,0,0.00,0.00,0.00,0,0,0.00,0.00,0,0
1445830166,eth1,0.00,0.00,0.00,0,0,0.00,0.00,0.00,0,0,0.00,0.00,0,0
1445830166,s2-eth2,0.00,0.00,0.00,0,0,0.00,0.00,0.00,0,0,0.00,0.00,0,0
1445830166,s2-eth1,0.00,0.00,0.00,0,0,0.00,0.00,0.00,0,0,0.00,0.00,0,0
1445830166,s1-eth2,0.00,0.00,0.00,0,0,0.00,0.00,0.00,0,0,0.00,0.00,0,0
1445830166,s1-eth1,0.00,0.00,0.00,0,0,0.00,0.00,0.00,0,0,0.00,0.00,0,0
1445830166,total,0.00,0.00,0.00,0,0,0.00,0.00,0.00,0,0,0.00,0.00,0,0
1445830167,lo,0.00,0.00,0.00,0,0,0.00,0.00,0.00,0,0,0.00,0.00,0,0
1445830167,s1,0.00,0.00,0.00,0,0,0.00,0.00,0.00,0,0,0.00,0.00,0,0
1445830167,eth0,0.00,0.00,0.00,0,0,0.00,0.00,0.00,0,0,0.00,0.00,0,0
1445830167,s2,0.00,0.00,0.00,0,0,0.00,0.00,0.00,0,0,0.00,0.00,0,0
1445830167,eth1,0.00,0.00,0.00,0,0,0.00,0.00,0.00,0,0,0.00,0.00,0,0
1445830167,s2-eth2,0.00,0.00,0.00,0,0,0.00,0.00,0.00,0,0,0.00,0.00,0,0
1445830167,s2-eth1,0.00,0.00,0.00,0,0,0.00,0.00,0.00,0,0,0.00,0.00,0,0
1445830167,s1-eth2,0.00,0.00,0.00,0,0,0.00,0.00,0.00,0,0,0.00,0.00,0,0
1445830167,s1-eth1,0.00,0.00,0.00,0,0,0.00,0.00,0.00,0,0,0.00,0.00,0,0
1445830167,total,0.00,0.00,0.00,0,0,0.00,0.00,0.00,0,0,0.00,0.00,0,0
1445830168,lo,0.00,0.00,0.00,0,0,0.00,0.00,0.00,0,0,0.00,0.00,0,0
1445830168,s1,0.00,0.00,0.00,0,0,0.00,0.00,0.00,0,0,0.00,0.00,0,0
1445830168,eth0,0.00,0.00,0.00,0,0,0.00,0.00,0.00,0,0,0.00,0.00,0,0
1445830168,s2,0.00,0.00,0.00,0,0,0.00,0.00,0.00,0,0,0.00,0.00,0,0
1445830168,eth1,0.00,0.00,0.00,0,0,0.00,0.00,0.00,0,0,0.00,0.00,0,0
1445830168,s2-eth2,0.00,0.00,0.00,0,0,0.00,0.00,0.00,0,0,0.00,0.00,0,0
1445830168,s2-eth1,0.00,0.00,0.00,0,0,0.00,0.00,0.00,0,0,0.00,0.00,0,0
1445830168,s1-eth2,0.00,0.00,0.00,0,0,0.00,0.00,0.00,0,0,0.00,0.00,0,0
1445830168,s1-eth1,0.00,0.00,0.00,0,0,0.00,0.00,0.00,0,0,0.00,0.00,0,0
1445830168,total,0.00,0.00,0.00,0,0,0.00,0.00,0.00,0,0,0.00,0.00,0,0
1445830169,lo,343.66,343.66,687.31,344,344,5.99,5.99,11.99,6,6,0.00,0.00,0,0
1445830169,s1,0.00,0.00,0.00,0,0,0.00,0.00,0.00,0,0,0.00,0.00,0,0
1445830169,eth0,0.00,0.00,0.00,0,0,0.00,0.00,0.00,0,0,0.00,0.00,0,0
1445830169,s2,0.00,0.00,0.00,0,0,0.00,0.00,0.00,0,0,0.00,0.00,0,0
1445830169,eth1,0.00,120.00,120.00,120,0,0.00,2.00,2.00,2,0,0.00,0.00,0,0
1445830169,s2-eth2,0.00,0.00,0.00,0,0,0.00,0.00,0.00,0,0,0.00,0.00,0,0
1445830169,s2-eth1,0.00,0.00,0.00,0,0,0.00,0.00,0.00,0,0,0.00,0.00,0,0
1445830169,s1-eth2,0.00,0.00,0.00,0,0,0.00,0.00,0.00,0,0,0.00,0.00,0,0
1445830169,s1-eth1,0.00,0.00,0.00,0,0,0.00,0.00,0.00,0,0,0.00,0.00,0,0
1445830169,total,344.00,464.00,808.00,464,344,6.00,8.00,14.00,8,6,0.00,0.00,0,0
1445830170,lo,0.00,0.00,0.00,0,0,0.00,0.00,0.00,0,0,0.00,0.00,0,0
1445830170,s1,0.00,0.00,0.00,0,0,0.00,0.00,0.00,0,0,0.00,0.00,0,0
1445830170,eth0,0.00,0.00,0.00,0,0,0.00,0.00,0.00,0,0,0.00,0.00,0,0
1445830170,s2,0.00,0.00,0.00,0,0,0.00,0.00,0.00,0,0,0.00,0.00,0,0
1445830170,eth1,0.00,60.00,60.00,60,0,0.00,1.00,1.00,1,0,0.00,0.00,0,0
1445830170,s2-eth2,0.00,0.00,0.00,0,0,0.00,0.00,0.00,0,0,0.00,0.00,0,0
1445830170,s2-eth1,0.00,0.00,0.00,0,0,0.00,0.00,0.00,0,0,0.00,0.00,0,0
1445830170,s1-eth2,0.00,0.00,0.00,0,0,0.00,0.00,0.00,0,0,0.00,0.00,0,0
1445830170,s1-eth1,0.00,0.00,0.00,0,0,0.00,0.00,0.00,0,0,0.00,0.00,0,0
1445830170,total,0.00,60.00,60.00,60,0,0.00,1.00,1.00,1,0,0.00,0.00,0,0
1445830171,lo,0.00,0.00,0.00,0,0,0.00,0.00,0.00,0,0,0.00,0.00,0,0
1445830171,s1,0.00,0.00,0.00,0,0,0.00,0.00,0.00,0,0,0.00,0.00,0,0
1445830171,eth0,0.00,0.00,0.00,0,0,0.00,0.00,0.00,0,0,0.00,0.00,0,0
1445830171,s2,0.00,0.00,0.00,0,0,0.00,0.00,0.00,0,0,0.00,0.00,0,0
1445830171,eth1,0.00,0.00,0.00,0,0,0.00,0.00,0.00,0,0,0.00,0.00,0,0
1445830171,s2-eth2,0.00,0.00,0.00,0,0,0.00,0.00,0.00,0,0,0.00,0.00,0,0
1445830171,s2-eth1,0.00,0.00,0.00,0,0,0.00,0.00,0.00,0,0,0.00,0.00,0,0
1445830171,s1-eth2,0.00,0.00,0.00,0,0,0.00,0.00,0.00,0,0,0.00,0.00,0,0
1445830171,s1-eth1,0.00,0.00,0.00,0,0,0.00,0.00,0.00,0,0,0.00,0.00,0,0
1445830171,total,0.00,0.00,0.00,0,0,0.00,0.00,0.00,0,0,0.00,0.00,0,0
1445830172,lo,0.00,0.00,0.00,0,0,0.00,0.00,0.00,0,0,0.00,0.00,0,0
1445830172,s1,0.00,0.00,0.00,0,0,0.00,0.00,0.00,0,0,0.00,0.00,0,0
1445830172,eth0,0.00,0.00,0.00,0,0,0.00,0.00,0.00,0,0,0.00,0.00,0,0
1445830172,s2,0.00,0.00,0.00,0,0,0.00,0.00,0.00,0,0,0.00,0.00,0,0
1445830172,eth1,0.00,120.00,120.00,120,0,0.00,2.00,2.00,2,0,0.00,0.00,0,0
1445830172,s2-eth2,0.00,0.00,0.00,0,0,0.00,0.00,0.00,0,0,0.00,0.00,0,0
1445830172,s2-eth1,0.00,0.00,0.00,0,0,0.00,0.00,0.00,0,0,0.00,0.00,0,0
1445830172,s1-eth2,0.00,0.00,0.00,0,0,0.00,0.00,0.00,0,0,0.00,0.00,0,0
1445830172,s1-eth1,0.00,0.00,0.00,0,0,0.00,0.00,0.00,0,0,0.00,0.00,0,0
1445830172,total,0.00,120.00,120.00,120,0,0.00,2.00,2.00,2,0,0.00,0.00,0,0
1445830173,lo,0.00,0.00,0.00,0,0,0.00,0.00,0.00,0,0,0.00,0.00,0,0
1445830173,s1,0.00,0.00,0.00,0,0,0.00,0.00,0.00,0,0,0.00,0.00,0,0
1445830173,eth0,0.00,0.00,0.00,0,0,0.00,0.00,0.00,0,0,0.00,0.00,0,0
1445830173,s2,0.00,0.00,0.00,0,0,0.00,0.00,0.00,0,0,0.00,0.00,0,0
1445830173,eth1,0.00,60.00,60.00,60,0,0.00,1.00,1.00,1,0,0.00,0.00,0,0
1445830173,s2-eth2,0.00,0.00,0.00,0,0,0.00,0.00,0.00,0,0,0.00,0.00,0,0
1445830173,s2-eth1,0.00,0.00,0.00,0,0,0.00,0.00,0.00,0,0,0.00,0.00,0,0
1445830173,s1-eth2,0.00,0.00,0.00,0,0,0.00,0.00,0.00,0,0,0.00,0.00,0,0
1445830173,s1-eth1,0.00,0.00,0.00,0,0,0.00,0.00,0.00,0,0,0.00,0.00,0,0
1445830173,total,0.00,60.00,60.00,60,0,0.00,1.00,1.00,1,0,0.00,0.00,0,0
1445830174,lo,343.66,343.66,687.31,344,344,5.99,5.99,11.99,6,6,0.00,0.00,0,0
1445830174,s1,0.00,0.00,0.00,0,0,0.00,0.00,0.00,0,0,0.00,0.00,0,0
1445830174,eth0,0.00,0.00,0.00,0,0,0.00,0.00,0.00,0,0,0.00,0.00,0,0
1445830174,s2,0.00,0.00,0.00,0,0,0.00,0.00,0.00,0,0,0.00,0.00,0,0
1445830174,eth1,0.00,0.00,0.00,0,0,0.00,0.00,0.00,0,0,0.00,0.00,0,0
1445830174,s2-eth2,0.00,0.00,0.00,0,0,0.00,0.00,0.00,0,0,0.00,0.00,0,0
1445830174,s2-eth1,0.00,0.00,0.00,0,0,0.00,0.00,0.00,0,0,0.00,0.00,0,0
1445830174,s1-eth2,0.00,0.00,0.00,0,0,0.00,0.00,0.00,0,0,0.00,0.00,0,0
1445830174,s1-eth1,0.00,0.00,0.00,0,0,0.00,0.00,0.00,0,0,0.00,0.00,0,0
1445830174,total,343.66,343.66,687.31,344,344,5.99,5.99,11.99,6,6,0.00,0.00,0,0
1445830175,lo,596.00,596.00,1192.00,596,596,9.00,9.00,18.00,9,9,0.00,0.00,0,0
1445830175,eth0,0.00,0.00,0.00,0,0,0.00,0.00,0.00,0,0,0.00,0.00,0,0
1445830175,eth1,1276.00,300.00,1576.00,300,1276,10.00,5.00,15.00,5,10,