1446535389,lo,0.00,0.00,0.00,0,0,0.00,0.00,0.00,0,0,0.00,0.00,0,0
1446535389,s1,0.00,0.00,0.00,0,0,0.00,0.00,0.00,0,0,0.00,0.00,0,0
1446535389,eth0,0.00,0.00,0.00,0,0,0.00,0.00,0.00,0,0,0.00,0.00,0,0
1446535389,eth1,0.00,0.00,0.00,0,0,0.00,0.00,0.00,0,0,0.00,0.00,0,0
1446535389,s1-eth1,0.00,0.00,0.00,0,0,0.00,0.00,0.00,0,0,0.00,0.00,0,0
1446535389,s1-eth2,0.00,0.00,0.00,0,0,0.00,0.00,0.00,0,0,0.00,0.00,0,0
1446535389,total,0.00,0.00,0.00,0,0,0.00,0.00,0.00,0,0,0.00,0.00,0,0
1446535390,lo,843.16,843.16,1686.31,844,844,8.99,8.99,17.98,9,9,0.00,0.00,0,0
1446535390,s1,0.00,249.75,249.75,250,0,0.00,3.00,3.00,3,0,0.00,0.00,0,0
1446535390,eth0,0.00,0.00,0.00,0,0,0.00,0.00,0.00,0,0,0.00,0.00,0,0
1446535390,eth1,0.00,0.00,0.00,0,0,0.00,0.00,0.00,0,0,0.00,0.00,0,0
1446535390,s1-eth1,1219284.75,27188.81,1246473.56,27216,1220504,413.59,411.59,825.17,412,414,0.00,0.00,0,0
1446535390,s1-eth2,27254.75,1219284.75,1246539.49,1220504,27282,412.59,413.59,826.17,414,413,0.00,0.00,0,0
1446535390,total,1247382.65,1247566.47,2494949.12,1248814,1248630,835.16,837.16,1672.33,838,836,0.00,0.00,0,0
1446535391,lo,287.71,287.71,575.42,288,288,3.00,3.00,5.99,3,3,0.00,0.00,0,0
1446535391,s1,0.00,89.91,89.91,90,0,0.00,1.00,1.00,1,0,0.00,0.00,0,0
1446535391,eth0,0.00,0.00,0.00,0,0,0.00,0.00,0.00,0,0,0.00,0.00,0,0
1446535391,eth1,0.00,0.00,0.00,0,0,0.00,0.00,0.00,0,0,0.00,0.00,0,0
1446535391,s1-eth1,1210337.70,26835.17,1237172.86,26862,1211548,409.59,406.59,816.18,407,410,0.00,0.00,0,0
1446535391,s1-eth2,26835.17,1210337.70,1237172.86,1211548,26862,406.59,409.59,816.18,410,407,0.00,0.00,0,0
1446535391,total,1237460.57,1237550.48,2475011.06,1238788,1238698,819.18,820.18,1639.36,821,820,0.00,0.00,0,0
1446535392,lo,0.00,0.00,0.00,0,0,0.00,0.00,0.00,0,0,0.00,0.00,0,0
1446535392,s1,0.00,0.00,0.00,0,0,0.00,0.00,0.00,0,0,0.00,0.00,0,0
1446535392,eth0,0.00,0.00,0.00,0,0,0.00,0.00,0.00,0,0,0.00,0.00,0,0
1446535392,eth1,0.00,0.00,0.00,0,0,0.00,0.00,0.00,0,0,0.00,0.00,0,0
1446535392,s1-eth1,1220344.00,27390.00,1247734.00,27390,1220344,412.00,415.00,827.00,415,412,0.00,0.00,0,0
1446535392,s1-eth2,27324.00,1220344.00,1247668.00,1220344,27324,414.00,412.00,826.00,412,414,0.00,0.00,0,0
1446535392,total,1247668.00,1247734.00,2495402.00,1247734,1247668,826.00,827.00,1653.00,827,826,0.00,0.00,0,0
1446535393,lo,268.00,268.00,536.00,268,268,3.00,3.00,6.00,3,3,0.00,0.00,0,0
1446535393,s1,0.00,70.00,70.00,70,0,0.00,1.00,1.00,1,0,0.00,0.00,0,0
1446535393,eth0,0.00,0.00,0.00,0,0,0.00,0.00,0.00,0,0,0.00,0.00,0,0
1446535393,eth1,0.00,0.00,0.00,0,0,0.00,0.00,0.00,0,0,0.00,0.00,0,0
1446535393,s1-eth1,1223306.00,27328.00,1250634.00,27328,1223306,413.00,414.00,827.00,414,413,0.00,0.00,0,0
1446535393,s1-eth2,27328.00,1223306.00,1250634.00,1223306,27328,414.00,413.00,827.00,413,414,0.00,0.00,0,0
1446535393,total,1250902.00,1250972.00,2501874.00,1250972,1250902,830.00,831.00,1661.00,831,830,0.00,0.00,0,0
1446535394,lo,267.73,267.73,535.46,268,268,3.00,3.00,5.99,3,3,0.00,0.00,0,0
1446535394,s1,0.00,69.93,69.93,70,0,0.00,1.00,1.00,1,0,0.00,0.00,0,0
1446535394,eth0,0.00,0.00,0.00,0,0,0.00,0.00,0.00,0,0,0.00,0.00,0,0
1446535394,eth1,0.00,0.00,0.00,0,0,0.00,0.00,0.00,0,0,0.00,0.00,0,0
1446535394,s1-eth1,1225112.92,27230.77,1252343.69,27258,1226338,414.59,412.59,827.17,413,415,0.00,0.00,0,0
1446535394,s1-eth2,27296.70,1225112.92,1252409.62,1226338,27324,413.59,414.59,828.17,415,414,0.00,0.00,0,0
1446535394,total,1252677.36,1252681.35,2505358.71,1253934,1253930,831.17,831.17,1662.34,832,832,0.00,0.00,0,0
1446535395,lo,0.00,0.00,0.00,0,0,0.00,0.00,0.00,0,0,0.00,0.00,0,0
1446535395,s1,0.00,0.00,0.00,0,0,0.00,0.00,0.00,0,0,0.00,0.00,0,0
1446535395,eth0,0.00,0.00,0.00,0,0,0.00,0.00,0.00,0,0,0.00,0.00,0,0
1446535395,eth1,0.00,0.00,0.00,0,0,0.00,0.00,0.00,0,0,0.00,0.00,0,0
1446535395,s1-eth1,1219124.91,27230.77,1246355.68,27258,1220344,411.59,412.59,824.18,413,412,0.00,0.00,0,0
1446535395,s1-eth2,27230.77,1219124.91,1246355.68,1220344,27258,412.59,411.59,824.18,412,413,0.00,0.00,0,0
1446535395,total,1246355.68,1246355.68,2492711.36,1247602,1247602,824.18,824.18,1648.35,825,825,0.00,0.00,0,0
1446535396,lo,0.00,0.00,0.00,0,0,0.00,0.00,0.00,0,0,0.00,0.00,0,0
1446535396,s1,0.00,0.00,0.00,0,0,0.00,0.00,0.00,0,0,0.00,0.00,0,0
1446535396,eth0,0.00,0.00,0.00,0,0,0.00,0.00,0.00,0,0,0.00,0.00,0,0
1446535396,eth1,0.00,0.00,0.00,0,0,0.00,0.00,0.00,0,0,0.00,0.00,0,0
1446535396,s1-eth1,1223306.00,27258.00,1250564.00,27258,1223306,413.00,413.00,826.00,413,413,0.00,0.00,0,0
1446535396,s1-eth2,27192.00,1223306.00,1250498.00,1223306,27192,412.00,413.00,825.00,413,412,0.00,0.00,0,0
1446535396,total,1250498.00,1250564.00,2501062.00,1250564,1250498,825.00,826.00,1651.00,826,825,0.00,0.00,0,0
1446535397,lo,268.00,268.00,536.00,268,268,3.00,3.00,6.00,3,3,0.00,0.00,0,0
1446535397,s1,0.00,70.00,70.00,70,0,0.00,1.00,1.00,1,0,0.00,0.00,0,0
1446535397,eth0,0.00,0.00,0.00,0,0,0.00,0.00,0.00,0,0,0.00,0.00,0,0
1446535397,eth1,0.00,0.00,0.00,0,0,0.00,0.00,0.00,0,0,0.00,0.00,0,0
1446535397,s1-eth1,1217382.00,27196.00,1244578.00,27196,1217382,411.00,412.00,823.00,412,411,0.00,0.00,0,0
1446535397,s1-eth2,27196.00,1217382.00,1244578.00,1217382,27196,412.00,411.00,823.00,411,412,0.00,0.00,0,0
1446535397,total,1244846.00,1244916.00,2489762.00,1244916,1244846,826.00,827.00,1653.00,827,826,0.00,0.00,0,0
1446535398,lo,0.00,0.00,0.00,0,0,0.00,0.00,0.00,0,0,0.00,0.00,0,0
1446535398,s1,0.00,0.00,0.00,0,0,0.00,0.00,0.00,0,0,0.00,0.00,0,0
1446535398,eth0,0.00,0.00,0.00,0,0,0.00,0.00,0.00,0,0,0.00,0.00,0,0
1446535398,eth1,0.00,0.00,0.00,0,0,0.00,0.00,0.00,0,0,0.00,0.00,0,0
1446535398,s1-eth1,1223306.00,27258.00,1250564.00,27258,1223306,413.00,413.00,826.00,413,413,0.00,0.00,0,0
1446535398,s1-eth2,27258.00,1223306.00,1250564.00,1223306,27258,413.00,413.00,826.00,413,413,0.00,0.00,0,0
1446535398,total,1250564.00,1250564.00,2501128.00,1250564,1250564,826.00,826.00,1652.00,826,826,0.00,0.00,0,0
1446535399,lo,268.00,268.00,536.00,268,268,3.00,3.00,6.00,3,3,0.00,0.00,0,0
1446535399,s1,0.00,70.00,70.00,70,0,0.00,1.00,1.00,1,0,0.00,0.00,0,0
1446535399,eth0,0.00,0.00,0.00,0,0,0.00,0.00,0.00,0,0,0.00,0.00,0,0
1446535399,eth1,0.00,0.00,0.00,0,0,0.00,0.00,0.00,0,0,0.00,0.00,0,0
1446535399,s1-eth1,1227336.00,27192.00,1254528.00,27192,1227336,474.00,412.00,886.00,412,474,0.00,0.00,0,0
1446535399,s1-eth2,27258.00,1227336.00,1254594.00,1227336,27258,413.00,474.00,887.00,474,413,0.00,0.00,0,0
1446535399,total,1254862.00,1254866.00,2509728.00,1254866,1254862,890.00,890.00,1780.00,890,890,0.00,0.00,0,0
1446535400,lo,0.00,0.00,0.00,0,0,0.00,0.00,0.00,0,0,0.00,0.00,0,0
1446535400,s1,0.00,0.00,0.00,0,0,0.00,0.00,0.00,0,0,0.00,0.00,0,0
1446535400,eth0,0.00,0.00,0.00,0,0,0.00,0.00,0.00,0,0,0.00,0.00,0,0
1446535400,eth1,0.00,0.00,0.00,0,0,0.00,0.00,0.00,0,0,0.00,0.00,0,0
1446535400,s1-eth1,1222083.95,27230.77,1249314.72,27258,1223306,412.59,412.59,825.17,413,413,0.00,0.00,0,0
1446535400,s1-eth2,27230.77,1222083.95,1249314.72,1223306,27258,412.59,412.59,825.17,413,413,0.00,0.00,0,0
1446535400,total,1249314.72,1249314.72,2498629.44,1250564,1250564,825.17,825.17,1650.35,826,826,0.00,0.00,0,0
1446535401,lo,0.00,0.00,0.00,0,0,0.00,0.00,0.00,0,0,0.00,0.00,0,0
1446535401,s1,0.00,0.00,0.00,0,0,0.00,0.00,0.00,0,0,0.00,0.00,0,0
1446535401,eth0,0.00,0.00,0.00,0,0,0.00,0.00,0.00,0,0,0.00,0.00,0,0
1446535401,eth1,0.00,0.00,0.00,0,0,0.00,0.00,0.00,0,0,0.00,0.00,0,0
1446535401,s1-eth1,1222083.95,27230.77,1249314.72,27258,1223306,412.59,412.59,825.17,413,413,0.00,0.00,0,0
1446535401,s1-eth2,27258.00,1223306.00,1250564.00,1223306,27258,413.00,413.00,826.00,413,413,0.00,0.00,0,0
1446535401,total,1250564.00,1250564.00,2501128.00,1250564,1250564,826.00,826.00,1652.00,826,826,0.00,0.00,0,0
1446535402,lo,0.00,0.00,0.00,0,0,0.00,0.00,0.00,0,0,0.00,0.00,0,0
1446535402,s1,0.00,0.00,0.00,0,0,0.00,0.00,0.00,0,0,0.00,0.00,0,0
1446535402,eth0,0.00,0.00,0.00,0,0,0.00,0.00,0.00,0,0,0.00,0.00,0,0
1446535402,eth1,0.00,0.00,0.00,0,0,0.00,0.00,0.00,0,0,0.00,0.00,0,0
1446535402,s1-eth1,1223306.00,27258.00,1250564.00,27258,1223306,413.00,413.00,826.00,413,413,0.00,0.00,0,0
1446535402,s1-eth2,27258.00,1223306.00,1250564.00,1223306,27258,413.00,413.00,826.00,413,413,0.00,0.00,0,0
1446535402,total,1250564.00,1250564.00,2501128.00,1250564,1250564,826.00,826.00,1652.00,826,826,0.00,0.00,0,0
1446535403,lo,172.00,172.00,344.00,172,172,3.00,3.00,6.00,3,3,0.00,0.00,0,0
1446535403,s1,0.00,0.00,0.00,0,0,0.00,0.00,0.00,0,0,0.00,0.00,0,0
1446535403,eth0,0.00,0.00,0.00,0,0,0.00,0.00,0.00,0,0,0.00,0.00,0,0
1446535403,eth1,0.00,0.00,0.00,0,0,0.00,0.00,0.00,0,0,0.00,0.00,0,0
1446535403,s1-eth1,1223306.00,27258.00,1250564.00,27258,1223306,413.00,413.00,826.00,413,413,0.00,0.00,0,0
1446535403,s1-eth2,27258.00,1223306.00,1250564.00,1223306,27258,413.00,413.00,826.00,413,413,0.00,0.00,0,0
1446535403,total,1250736.00,1250736.00,2501472.00,1250736,1250736,829.00,829.00,1658.00,829,829,0.00,0.00,0,0
1446535404,lo,0.00,0.00,0.00,0,0,0.00,0.00,0.00,0,0,0.00,0.00,0,0
1446535404,s1,0.00,0.00,0.00,0,0,0.00,0.00,0.00,0,0,0.00,0.00,0,0
1446535404,eth0,0.00,0.00,0.00,0,0,0.00,0.00,0.00,0,0,0.00,0.00,0,0
1446535404,eth1,0.00,0.00,0.00,0,0,0.00,0.00,0.00,0,0,0.00,0.00,0,0
1446535404,s1-eth1,1222083.95,27230.77,1249314.72,27258,1223306,412.59,412.59,825.17,413,413,0.00,0.00,0,0
1446535404,s1-eth2,27230.77,1222083.95,1249314.72,1223306,27258,412.59,412.59,825.17,413,413,0.00,0.00,0,0
1446535404,total,1249314.72,1249314.72,2498629.44,1250564,1250564,825.17,825.17,1650.35,826,826,0.00,0.00,0,0
1446535405,lo,0.00,0.00,0.00,0,0,0.00,0.00,0.00,0,0,0.00,0.00,0,0
1446535405,s1,0.00,0.00,0.00,0,0,0.00,0.00,0.00,0,0,0.00,0.00,0,0
1446535405,eth0,0.00,0.00,0.00,0,0,0.00,0.00,0.00,0,0,0.00,0.00,0,0
1446535405,eth1,0.00,0.00,0.00,0,0,0.00,0.00,0.00,0,0,0.00,0.00,0,0
1446535405,s1-eth1,1222083.95,27230.77,1249314.72,27258,1223306,412.59,412.59,825.17,413,413,0.00,0.00,0,0
1446535405,s1-eth2,27164.84,1222083.95,1249248.79,1223306,27192,411.59,412.59,824.18,413,412,0.00,0.00,0,0
1446535405,total,1249248.79,1249314.72,2498563.50,1250564,1250498,824.18,825.17,1649.35,826,825,0.00,0.00,0,0
1446535406,lo,0.00,0.00,0.00,0,0,0.00,0.00,0.00,0,0,0.00,0.00,0,0
1446535406,s1,0.00,0.00,0.00,0,0,0.00,0.00,0.00,0,0,0.00,0.00,0,0
1446535406,eth0,0.00,0.00,0.00,0,0,0.00,0.00,0.00,0,0,0.00,0.00,0,0
1446535406,eth1,0.00,0.00,0.00,0,0,0.00,0.00,0.00,0,0,0.00,0.00,0,0
1446535406,s1-eth1,1226039.99,27296.70,1253336.70,27324,1227266,472.53,413.59,886.11,414,473,0.00,0.00,0,0
1446535406,s1-eth2,27324.00,1227266.00,1254590.00,1227266,27324,414.00,473.00,887.00,473,414,0.00,0.00,0,0
1446535406,total,1254590.00,1254590.00,2509180.00,1254590,1254590,887.00,887.00,1774.00,887,887,0.00,0.00,0,0
1446535407,lo,0.00,0.00,0.00,0,0,0.00,0.00,0.00,0,0,0.00,0.00,0,0
1446535407,s1,0.00,0.00,0.00,0,0,0.00,0.00,0.00,0,0,0.00,0.00,0,0
1446535407,eth0,0.00,0.00,0.00,0,0,0.00,0.00,0.00,0,0,0.00,0.00,0,0
1446535407,eth1,0.00,0.00,0.00,0,0,0.00,0.00,0.00,0,0,0.00,0.00,0,0
1446535407,s1-eth1,1223306.00,27258.00,1250564.00,27258,1223306,413.00,413.00,826.00,413,413,0.00,0.00,0,0
1446535407,s1-eth2,27258.00,1223306.00,1250564.00,1223306,27258,413.00,413.00,826.00,413,413,0.00,0.00,0,0
1446535407,total,1250564.00,1250564.00,2501128.00,1250564,1250564,826.00,826.00,1652.00,826,826,0.00,0.00,0,0
1446535408,lo,172.00,172.00,344.00,172,172,3.00,3.00,6.00,3,3,0.00,0.00,0,0
1446535408,s1,0.00,0.00,0.00,0,0,0.00,0.00,0.00,0,0,0.00,0.00,0,0
1446535408,eth0,0.00,0.00,0.00,0,0,0.00,0.00,0.00,0,0,0.00,0.00,0,0
1446535408,eth1,0.00,0.00,0.00,0,0,0.00,0.00,0.00,0,0,0.00,0.00,0,0
1446535408,s1-eth1,1223306.00,27258.00,1250564.00,27258,1223306,413.00,413.00,826.00,413,413,0.00,0.00,0,0
1446535408,s1-eth2,27258.00,1223306.00,1250564.00,1223306,27258,413.00,413.00,826.00,413,413,0.00,0.00,0,0
1446535408,total,1250736.00,1250736.00,2501472.00,1250736,1250736,829.00,829.00,1658.00,829,829,0.00,0.00,0,0
1446535409,lo,0.00,0.00,0.00,0,0,0.00,0.00,0.00,0,0,0.00,0.00,0,0
1446535409,s1,0.00,0.00,0.00,0,0,0.00,0.00,0.00,0,0,0.00,0.00,0,0
1446535409,eth0,0.00,0.00,0.00,0,0,0.00,0.00,0.00,0,0,0.00,0.00,0,0
1446535409,eth1,0.00,0.00,0.00,0,0,0.00,0.00,0.00,0,0,0.00,0.00,0,0
1446535409,s1-eth1,1223306.00,27258.00,1250564.00,27258,1223306,413.00,413.00,826.00,413,413,0.00,0.00,0,0
1446535409,s1-eth2,27258.00,1223306.00,1250564.00,1223306,27258,413.00,413.00,826.00,413,413,0.00,0.00,0,0
1446535409,total,1250564.00,1250564.00,2501128.00,1250564,1250564,826.00,826.00,1652.00,826,826,0.00,0.00,0,0
1446535410,lo,0.00,0.00,0.00,0,0,0.00,0.00,0.00,0,0,0.00,0.00,0,0
1446535410,s1,0.00,0.00,0.00,0,0,0.00,0.00,0.00,0,0,0.00,0.00,0,0
1446535410,eth0,0.00,0.00,0.00,0,0,0.00,0.00,0.00,0,0,0.00,0.00,0,0
1446535410,eth1,0.00,0.00,0.00,0,0,0.00,0.00,0.00,0,0,0.00,0.00,0,0
1446535410,s1-eth1,1222083.95,27230.77,1249314.72,27258,1223306,412.59,412.59,825.17,413,413,0.00,0.00,0,0
1446535410,s1-eth2,27230.77,1222083.95,1249314.72,1223306,27258,412.59,412.59,825.17,413,413,0.00,0.00,0,0
1446535410,total,1249314.72,1249314.72,2498629.44,1250564,1250564,825.17,825.17,1650.35,826,826,0.00,0.00,0,0
1446535411,lo,0.00,0.00,0.00,0,0,0.00,0.00,0.00,0,0,0.00,0.00,0,0
1446535411,s1,0.00,0.00,0.00,0,0,0.00,0.00,0.00,0,0,0.00,0.00,0,0
1446535411,eth0,0.00,0.00,0.00,0,0,0.00,0.00,0.00,0,0,0.00,0.00,0,0
1446535411,eth1,0.00,0.00,0.00,0,0,0.00,0.00,0.00,0,0,0.00,0.00,0,0
1446535411,s1-eth1,1223306.00,27192.00,1250498.00,27192,1223306,413.00,412.00,825.00,412,413,0.00,0.00,0,0
1446535411,s1-eth2,27258.00,1223306.00,1250564.00,1223306,27258,413.00,413.00,826.00,413,413,0.00,0.00,0,0
1446535411,total,1250564.00,1250498.00,2501062.00,1250498,1250564,826.00,825.00,1651.00,825,826,0.00,0.00,0,0
1446535412,lo,0.00,0.00,0.00,0,0,0.00,0.00,0.00,0,0,0.00,0.00,0,0
1446535412,s1,0.00,0.00,0.00,0,0,0.00,0.00,0.00,0,0,0.00,0.00,0,0
1446535412,eth0,0.00,0.00,0.00,0,0,0.00,0.00,0.00,0,0,0.00,0.00,0,0
1446535412,eth1,0.00,0.00,0.00,0,0,0.00,0.00,0.00,0,0,0.00,0.00,0,0
1446535412,s1-eth1,1222522.00,27258.00,1249780.00,27258,1222522,445.00,413.00,858.00,413,445,0.00,0.00,0,0
1446535412,s1-eth2,27192.00,1222588.00,1249780.00,1222588,27192,412.00,446.00,858.00,446,412,0.00,0.00,0,0
1446535412,total,1249714.00,1249846.00,2499560.00,1249846,1249714,857.00,859.00,1716.00,859,857,0.00,0.00,0,0
1446535413,lo,172.00,172.00,344.00,172,172,3.00,3.00,6.00,3,3,0.00,0.00,0,0
1446535413,s1,0.00,0.00,0.00,0,0,0.00,0.00,0.00,0,0,0.00,0.00,0,0
1446535413,eth0,0.00,0.00,0.00,0,0,0.00,0.00,0.00,0,0,0.00,0.00,0,0
1446535413,eth1,0.00,0.00,0.00,0,0,0.00,0.00,0.00,0,0,0.00,0.00,0,0
1446535413,s1-eth1,1225088.00,27258.00,1252346.00,27258,1225088,440.00,413.00,853.00,413,440,0.00,0.00,0,0
1446535413,s1-eth2,27258.00,1225022.00,1252280.00,1225022,27258,413.00,439.00,852.00,439,413,0.00,0.00,0,0
1446535413,total,1252518.00,1252452.00,2504970.00,1252452,1252518,856.00,855.00,1711.00,855,856,0.00,0.00,0,0
1446535414,lo,0.00,0.00,0.00,0,0,0.00,0.00,0.00,0,0,0.00,0.00,0,0
1446535414,s1,0.00,0.00,0.00,0,0,0.00,0.00,0.00,0,0,0.00,0.00,0,0
1446535414,eth0,0.00,0.00,0.00,0,0,0.00,0.00,0.00,0,0,0.00,0.00,0,0
1446535414,eth1,0.00,0.00,0.00,0,0,0.00,0.00,0.00,0,0,0.00,0.00,0,0
1446535414,s1-eth1,1223306.00,27258.00,1250564.00,27258,1223306,413.00,413.00,826.00,413,413,0.00,0.00,0,0
1446535414,s1-eth2,27258.00,1223306.00,1250564.00,1223306,27258,413.00,413.00,826.00,413,413,0.00,0.00,0,0
1446535414,total,1250564.00,1250564.00,2501128.00,1250564,1250564,826.00,826.00,1652.00,826,826,0.00,0.00,0,0
1446535415,lo,0.00,0.00,0.00,0,0,0.00,0.00,0.00,0,0,0.00,0.00,0,0
1446535415,s1,0.00,0.00,0.00,0,0,0.00,0.00,0.00,0,0,0.00,0.00,0,0
1446535415,eth0,0.00,0.00,0.00,0,0,0.00,0.00,0.00,0,0,0.00,0.00,0,0
1446535415,eth1,0.00,0.00,0.00,0,0,0.00,0.00,0.00,0,0,0.00,0.00,0,0
1446535415,s1-eth1,1178876.00,26202.00,1205078.00,26202,1178876,398.00,397.00,795.00,397,398,0.00,0.00,0,0
1446535415,s1-eth2,26202.00,1178876.00,1205078.00,1178876,26202,397.00,398.00,795.00,398,397,0.00,0.00,0,0
1446535415,total,1205078.00,1205078.00,2410156.00,1205078,1205078,795.00,795.00,1590.00,795,795,0.00,0.00,0,0
1446535416,lo,0.00,0.00,0.00,0,0,0.00,0.00,0.00,0,0,0.00,0.00,0,0
1446535416,s1,0.00,0.00,0.00,0,0,0.00,0.00,0.00,0,0,0.00,0.00,0,0
1446535416,eth0,0.00,0.00,0.00,0,0,0.00,0.00,0.00,0,0,0.00,0.00,0,0
1446535416,eth1,0.00,0.00,0.00,0,0,0.00,0.00,0.00,0,0,0.00,0.00,0,0
1446535416,s1-eth1,1220344.00,27258.00,1247602.00,27258,1220344,412.00,413.00,825.00,413,412,0.00,0.00,0,0
1446535416,s1-eth2,27258.