1446512049,lo,0.00,0.00,0.00,0,0,0.00,0.00,0.00,0,0,0.00,0.00,0,0
1446512049,s1,0.00,0.00,0.00,0,0,0.00,0.00,0.00,0,0,0.00,0.00,0,0
1446512049,eth0,0.00,0.00,0.00,0,0,0.00,0.00,0.00,0,0,0.00,0.00,0,0
1446512049,eth1,0.00,0.00,0.00,0,0,0.00,0.00,0.00,0,0,0.00,0.00,0,0
1446512049,s1-eth1,0.00,0.00,0.00,0,0,0.00,0.00,0.00,0,0,0.00,0.00,0,0
1446512049,s1-eth2,0.00,0.00,0.00,0,0,0.00,0.00,0.00,0,0,0.00,0.00,0,0
1446512049,total,0.00,0.00,0.00,0,0,0.00,0.00,0.00,0,0,0.00,0.00,0,0
1446512050,lo,1688.00,1688.00,3376.00,1688,1688,18.00,18.00,36.00,18,18,0.00,0.00,0,0
1446512050,s1,0.00,500.00,500.00,500,0,0.00,6.00,6.00,6,0,0.00,0.00,0,0
1446512050,eth0,0.00,0.00,0.00,0,0,0.00,0.00,0.00,0,0,0.00,0.00,0,0
1446512050,eth1,0.00,0.00,0.00,0,0,0.00,0.00,0.00,0,0,0.00,0.00,0,0
1446512050,s1-eth1,1223556.00,27640.00,1251196.00,27640,1223556,416.00,418.00,834.00,418,416,0.00,0.00,0,0
1446512050,s1-eth2,27640.00,1223556.00,1251196.00,1223556,27640,418.00,416.00,834.00,416,418,0.00,0.00,0,0
1446512050,total,1252884.00,1253384.00,2506268.00,1253384,1252884,852.00,858.00,1710.00,858,852,0.00,0.00,0,0
1446512051,lo,0.00,0.00,0.00,0,0,0.00,0.00,0.00,0,0,0.00,0.00,0,0
1446512051,s1,0.00,0.00,0.00,0,0,0.00,0.00,0.00,0,0,0.00,0.00,0,0
1446512051,eth0,0.00,0.00,0.00,0,0,0.00,0.00,0.00,0,0,0.00,0.00,0,0
1446512051,eth1,0.00,0.00,0.00,0,0,0.00,0.00,0.00,0,0,0.00,0.00,0,0
1446512051,s1-eth1,1223306.00,27258.00,1250564.00,27258,1223306,413.00,413.00,826.00,413,413,0.00,0.00,0,0
1446512051,s1-eth2,27258.00,1223306.00,1250564.00,1223306,27258,413.00,413.00,826.00,413,413,0.00,0.00,0,0
1446512051,total,1250564.00,1250564.00,2501128.00,1250564,1250564,826.00,826.00,1652.00,826,826,0.00,0.00,0,0
1446512052,lo,0.00,0.00,0.00,0,0,0.00,0.00,0.00,0,0,0.00,0.00,0,0
1446512052,s1,0.00,0.00,0.00,0,0,0.00,0.00,0.00,0,0,0.00,0.00,0,0
1446512052,eth0,0.00,0.00,0.00,0,0,0.00,0.00,0.00,0,0,0.00,0.00,0,0
1446512052,eth1,0.00,0.00,0.00,0,0,0.00,0.00,0.00,0,0,0.00,0.00,0,0
1446512052,s1-eth1,1223306.00,27258.00,1250564.00,27258,1223306,413.00,413.00,826.00,413,413,0.00,0.00,0,0
1446512052,s1-eth2,27192.00,1223306.00,1250498.00,1223306,27192,412.00,413.00,825.00,413,412,0.00,0.00,0,0
1446512052,total,1250498.00,1250564.00,2501062.00,1250564,1250498,825.00,826.00,1651.00,826,825,0.00,0.00,0,0
1446512053,lo,0.00,0.00,0.00,0,0,0.00,0.00,0.00,0,0,0.00,0.00,0,0
1446512053,s1,0.00,0.00,0.00,0,0,0.00,0.00,0.00,0,0,0.00,0.00,0,0
1446512053,eth0,0.00,0.00,0.00,0,0,0.00,0.00,0.00,0,0,0.00,0.00,0,0
1446512053,eth1,0.00,0.00,0.00,0,0,0.00,0.00,0.00,0,0,0.00,0.00,0,0
1446512053,s1-eth1,1223306.00,27258.00,1250564.00,27258,1223306,413.00,413.00,826.00,413,413,0.00,0.00,0,0
1446512053,s1-eth2,27324.00,1223306.00,1250630.00,1223306,27324,414.00,413.00,827.00,413,414,0.00,0.00,0,0
1446512053,total,1250630.00,1250564.00,2501194.00,1250564,1250630,827.00,826.00,1653.00,826,827,0.00,0.00,0,0
1446512054,lo,536.00,536.00,1072.00,536,536,6.00,6.00,12.00,6,6,0.00,0.00,0,0
1446512054,s1,0.00,140.00,140.00,140,0,0.00,2.00,2.00,2,0,0.00,0.00,0,0
1446512054,eth0,0.00,0.00,0.00,0,0,0.00,0.00,0.00,0,0,0.00,0.00,0,0
1446512054,eth1,0.00,0.00,0.00,0,0,0.00,0.00,0.00,0,0,0.00,0.00,0,0
1446512054,s1-eth1,1223376.00,27328.00,1250704.00,27328,1223376,414.00,414.00,828.00,414,414,0.00,0.00,0,0
1446512054,s1-eth2,27328.00,1223376.00,1250704.00,1223376,27328,414.00,414.00,828.00,414,414,0.00,0.00,0,0
1446512054,total,1251240.00,1251380.00,2502620.00,1251380,1251240,834.00,836.00,1670.00,836,834,0.00,0.00,0,0
1446512055,lo,0.00,0.00,0.00,0,0,0.00,0.00,0.00,0,0,0.00,0.00,0,0
1446512055,s1,0.00,0.00,0.00,0,0,0.00,0.00,0.00,0,0,0.00,0.00,0,0
1446512055,eth0,0.00,0.00,0.00,0,0,0.00,0.00,0.00,0,0,0.00,0.00,0,0
1446512055,eth1,0.00,0.00,0.00,0,0,0.00,0.00,0.00,0,0,0.00,0.00,0,0
1446512055,s1-eth1,1227200.00,27324.00,1254524.00,27324,1227200,472.00,414.00,886.00,414,472,0.00,0.00,0,0
1446512055,s1-eth2,27258.00,1227200.00,1254458.00,1227200,27258,413.00,472.00,885.00,472,413,0.00,0.00,0,0
1446512055,total,1254458.00,1254524.00,2508982.00,1254524,1254458,885.00,886.00,1771.00,886,885,0.00,0.00,0,0
1446512056,lo,0.00,0.00,0.00,0,0,0.00,0.00,0.00,0,0,0.00,0.00,0,0
1446512056,s1,0.00,0.00,0.00,0,0,0.00,0.00,0.00,0,0,0.00,0.00,0,0
1446512056,eth0,0.00,0.00,0.00,0,0,0.00,0.00,0.00,0,0,0.00,0.00,0,0
1446512056,eth1,0.00,0.00,0.00,0,0,0.00,0.00,0.00,0,0,0.00,0.00,0,0
1446512056,s1-eth1,1223306.00,27192.00,1250498.00,27192,1223306,413.00,412.00,825.00,412,413,0.00,0.00,0,0
1446512056,s1-eth2,27258.00,1223306.00,1250564.00,1223306,27258,413.00,413.00,826.00,413,413,0.00,0.00,0,0
1446512056,total,1250564.00,1250498.00,2501062.00,1250498,1250564,826.00,825.00,1651.00,825,826,0.00,0.00,0,0
1446512057,lo,0.00,0.00,0.00,0,0,0.00,0.00,0.00,0,0,0.00,0.00,0,0
1446512057,s1,0.00,0.00,0.00,0,0,0.00,0.00,0.00,0,0,0.00,0.00,0,0
1446512057,eth0,0.00,0.00,0.00,0,0,0.00,0.00,0.00,0,0,0.00,0.00,0,0
1446512057,eth1,0.00,0.00,0.00,0,0,0.00,0.00,0.00,0,0,0.00,0.00,0,0
1446512057,s1-eth1,1223306.00,27324.00,1250630.00,27324,1223306,413.00,414.00,827.00,414,413,0.00,0.00,0,0
1446512057,s1-eth2,27258.00,1223306.00,1250564.00,1223306,27258,413.00,413.00,826.00,413,413,0.00,0.00,0,0
1446512057,total,1250564.00,1250630.00,2501194.00,1250630,1250564,826.00,827.00,1653.00,827,826,0.00,0.00,0,0
1446512058,lo,536.00,536.00,1072.00,536,536,6.00,6.00,12.00,6,6,0.00,0.00,0,0
1446512058,s1,0.00,140.00,140.00,140,0,0.00,2.00,2.00,2,0,0.00,0.00,0,0
1446512058,eth0,0.00,0.00,0.00,0,0,0.00,0.00,0.00,0,0,0.00,0.00,0,0
1446512058,eth1,0.00,0.00,0.00,0,0,0.00,0.00,0.00,0,0,0.00,0.00,0,0
1446512058,s1-eth1,1223376.00,27262.00,1250638.00,27262,1223376,414.00,413.00,827.00,413,414,0.00,0.00,0,0
1446512058,s1-eth2,27262.00,1223376.00,1250638.00,1223376,27262,413.00,414.00,827.00,414,413,0.00,0.00,0,0
1446512058,total,1251174.00,1251314.00,2502488.00,1251314,1251174,833.00,835.00,1668.00,835,833,0.00,0.00,0,0
1446512059,lo,0.00,0.00,0.00,0,0,0.00,0.00,0.00,0,0,0.00,0.00,0,0
1446512059,s1,0.00,0.00,0.00,0,0,0.00,0.00,0.00,0,0,0.00,0.00,0,0
1446512059,eth0,0.00,0.00,0.00,0,0,0.00,0.00,0.00,0,0,0.00,0.00,0,0
1446512059,eth1,0.00,0.00,0.00,0,0,0.00,0.00,0.00,0,0,0.00,0.00,0,0
1446512059,s1-eth1,1216165.87,27098.90,1243264.77,27126,1217382,410.59,410.59,821.18,411,411,0.00,0.00,0,0
1446512059,s1-eth2,27192.00,1217382.00,1244574.00,1217382,27192,412.00,411.00,823.00,411,412,0.00,0.00,0,0
1446512059,total,1244574.00,1244508.00,2489082.00,1244508,1244574,823.00,822.00,1645.00,822,823,0.00,0.00,0,0
1446512060,lo,0.00,0.00,0.00,0,0,0.00,0.00,0.00,0,0,0.00,0.00,0,0
1446512060,s1,0.00,0.00,0.00,0,0,0.00,0.00,0.00,0,0,0.00,0.00,0,0
1446512060,eth0,0.00,0.00,0.00,0,0,0.00,0.00,0.00,0,0,0.00,0.00,0,0
1446512060,eth1,0.00,0.00,0.00,0,0,0.00,0.00,0.00,0,0,0.00,0.00,0,0
1446512060,s1-eth1,1223306.00,27258.00,1250564.00,27258,1223306,413.00,413.00,826.00,413,413,0.00,0.00,0,0
1446512060,s1-eth2,27258.00,1223306.00,1250564.00,1223306,27258,413.00,413.00,826.00,413,413,0.00,0.00,0,0
1446512060,total,1250564.00,1250564.00,2501128.00,1250564,1250564,826.00,826.00,1652.00,826,826,0.00,0.00,0,0
1446512061,lo,0.00,0.00,0.00,0,0,0.00,0.00,0.00,0,0,0.00,0.00,0,0
1446512061,s1,0.00,0.00,0.00,0,0,0.00,0.00,0.00,0,0,0.00,0.00,0,0
1446512061,eth0,0.00,0.00,0.00,0,0,0.00,0.00,0.00,0,0,0.00,0.00,0,0
1446512061,eth1,0.00,0.00,0.00,0,0,0.00,0.00,0.00,0,0,0.00,0.00,0,0
1446512061,s1-eth1,1221276.00,27192.00,1248468.00,27192,1221276,470.00,412.00,882.00,412,470,0.00,0.00,0,0
1446512061,s1-eth2,27126.00,1221276.00,1248402.00,1221276,27126,411.00,470.00,881.00,470,411,0.00,0.00,0,0
1446512061,total,1248402.00,1248468.00,2496870.00,1248468,1248402,881.00,882.00,1763.00,882,881,0.00,0.00,0,0
1446512062,lo,172.00,172.00,344.00,172,172,3.00,3.00,6.00,3,3,0.00,0.00,0,0
1446512062,s1,0.00,0.00,0.00,0,0,0.00,0.00,0.00,0,0,0.00,0.00,0,0
1446512062,eth0,0.00,0.00,0.00,0,0,0.00,0.00,0.00,0,0,0.00,0.00,0,0
1446512062,eth1,0.00,0.00,0.00,0,0,0.00,0.00,0.00,0,0,0.00,0.00,0,0
1446512062,s1-eth1,1223306.00,27258.00,1250564.00,27258,1223306,413.00,413.00,826.00,413,413,0.00,0.00,0,0
1446512062,s1-eth2,27258.00,1223306.00,1250564.00,1223306,27258,413.00,413.00,826.00,413,413,0.00,0.00,0,0
1446512062,total,1250736.00,1250736.00,2501472.00,1250736,1250736,829.00,829.00,1658.00,829,829,0.00,0.00,0,0
1446512063,lo,0.00,0.00,0.00,0,0,0.00,0.00,0.00,0,0,0.00,0.00,0,0
1446512063,s1,0.00,0.00,0.00,0,0,0.00,0.00,0.00,0,0,0.00,0.00,0,0
1446512063,eth0,0.00,0.00,0.00,0,0,0.00,0.00,0.00,0,0,0.00,0.00,0,0
1446512063,eth1,0.00,0.00,0.00,0,0,0.00,0.00,0.00,0,0,0.00,0.00,0,0
1446512063,s1-eth1,1217382.00,27126.00,1244508.00,27126,1217382,411.00,411.00,822.00,411,411,0.00,0.00,0,0
1446512063,s1-eth2,27126.00,1220344.00,1247470.00,1220344,27126,411.00,412.00,823.00,412,411,0.00,0.00,0,0
1446512063,total,1244508.00,1247470.00,2491978.00,1247470,1244508,822.00,823.00,1645.00,823,822,0.00,0.00,0,0
1446512064,lo,0.00,0.00,0.00,0,0,0.00,0.00,0.00,0,0,0.00,0.00,0,0
1446512064,s1,0.00,0.00,0.00,0,0,0.00,0.00,0.00,0,0,0.00,0.00,0,0
1446512064,eth0,0.00,0.00,0.00,0,0,0.00,0.00,0.00,0,0,0.00,0.00,0,0
1446512064,eth1,0.00,0.00,0.00,0,0,0.00,0.00,0.00,0,0,0.00,0.00,0,0
1446512064,s1-eth1,1199610.00,26664.00,1226274.00,26664,1199610,405.00,404.00,809.00,404,405,0.00,0.00,0,0
1446512064,s1-eth2,26730.00,1205534.00,1232264.00,1205534,26730,405.00,407.00,812.00,407,405,0.00,0.00,0,0
1446512064,total,1226340.00,1232198.00,2458538.00,1232198,1226340,810.00,811.00,1621.00,811,810,0.00,0.00,0,0
1446512065,lo,0.00,0.00,0.00,0,0,0.00,0.00,0.00,0,0,0.00,0.00,0,0
1446512065,s1,0.00,0.00,0.00,0,0,0.00,0.00,0.00,0,0,0.00,0.00,0,0
1446512065,eth0,0.00,0.00,0.00,0,0,0.00,0.00,0.00,0,0,0.00,0.00,0,0
1446512065,eth1,0.00,0.00,0.00,0,0,0.00,0.00,0.00,0,0,0.00,0.00,0,0
1446512065,s1-eth1,1220344.00,27258.00,1247602.00,27258,1220344,412.00,413.00,825.00,413,412,0.00,0.00,0,0
1446512065,s1-eth2,27192.00,1223306.00,1250498.00,1223306,27192,412.00,413.00,825.00,413,412,0.00,0.00,0,0
1446512065,total,1247536.00,1250564.00,2498100.00,1250564,1247536,824.00,826.00,1650.00,826,824,0.00,0.00,0,0
1446512066,lo,0.00,0.00,0.00,0,0,0.00,0.00,0.00,0,0,0.00,0.00,0,0
1446512066,s1,0.00,0.00,0.00,0,0,0.00,0.00,0.00,0,0,0.00,0.00,0,0
1446512066,eth0,0.00,0.00,0.00,0,0,0.00,0.00,0.00,0,0,0.00,0.00,0,0
1446512066,eth1,0.00,0.00,0.00,0,0,0.00,0.00,0.00,0,0,0.00,0.00,0,0
1446512066,s1-eth1,1193686.00,26598.00,1220284.00,26598,1193686,403.00,403.00,806.00,403,403,0.00,0.00,0,0
1446512066,s1-eth2,26598.00,1193686.00,1220284.00,1193686,26598,403.00,403.00,806.00,403,403,0.00,0.00,0,0
1446512066,total,1220284.00,1220284.00,2440568.00,1220284,1220284,806.00,806.00,1612.00,806,806,0.00,0.00,0,0
1446512067,lo,172.00,172.00,344.00,172,172,3.00,3.00,6.00,3,3,0.00,0.00,0,0
1446512067,s1,0.00,0.00,0.00,0,0,0.00,0.00,0.00,0,0,0.00,0.00,0,0
1446512067,eth0,0.00,0.00,0.00,0,0,0.00,0.00,0.00,0,0,0.00,0.00,0,0
1446512067,eth1,0.00,0.00,0.00,0,0,0.00,0.00,0.00,0,0,0.00,0.00,0,0
1446512067,s1-eth1,1223306.00,27258.00,1250564.00,27258,1223306,413.00,413.00,826.00,413,413,0.00,0.00,0,0
1446512067,s1-eth2,27324.00,1223306.00,1250630.00,1223306,27324,414.00,413.00,827.00,413,414,0.00,0.00,0,0
1446512067,total,1250802.00,1250736.00,2501538.00,1250736,1250802,830.00,829.00,1659.00,829,830,0.00,0.00,0,0
1446512068,lo,0.00,0.00,0.00,0,0,0.00,0.00,0.00,0,0,0.00,0.00,0,0
1446512068,s1,0.00,0.00,0.00,0,0,0.00,0.00,0.00,0,0,0.00,0.00,0,0
1446512068,eth0,0.00,0.00,0.00,0,0,0.00,0.00,0.00,0,0,0.00,0.00,0,0
1446512068,eth1,0.00,0.00,0.00,0,0,0.00,0.00,0.00,0,0,0.00,0.00,0,0
1446512068,s1-eth1,1226268.00,27258.00,1253526.00,27258,1226268,414.00,413.00,827.00,413,414,0.00,0.00,0,0
1446512068,s1-eth2,27192.00,1223306.00,1250498.00,1223306,27192,412.00,413.00,825.00,413,412,0.00,0.00,0,0
1446512068,total,1253460.00,1250564.00,2504024.00,1250564,1253460,826.00,826.00,1652.00,826,826,0.00,0.00,0,0
1446512069,lo,0.00,0.00,0.00,0,0,0.00,0.00,0.00,0,0,0.00,0.00,0,0
1446512069,s1,0.00,0.00,0.00,0,0,0.00,0.00,0.00,0,0,0.00,0.00,0,0
1446512069,eth0,0.00,0.00,0.00,0,0,0.00,0.00,0.00,0,0,0.00,0.00,0,0
1446512069,eth1,0.00,0.00,0.00,0,0,0.00,0.00,0.00,0,0,0.00,0.00,0,0
1446512069,s1-eth1,1220344.00,27258.00,1247602.00,27258,1220344,412.00,413.00,825.00,413,412,0.00,0.00,0,0
1446512069,s1-eth2,27258.00,1220344.00,1247602.00,1220344,27258,413.00,412.00,825.00,412,413,0.00,0.00,0,0
1446512069,total,1247602.00,1247602.00,2495204.00,1247602,1247602,825.00,825.00,1650.00,825,825,0.00,0.00,0,0
1446512070,lo,0.00,0.00,0.00,0,0,0.00,0.00,0.00,0,0,0.00,0.00,0,0
1446512070,s1,0.00,0.00,0.00,0,0,0.00,0.00,0.00,0,0,0.00,0.00,0,0
1446512070,eth0,0.00,0.00,0.00,0,0,0.00,0.00,0.00,0,0,0.00,0.00,0,0
1446512070,eth1,0.00,0.00,0.00,0,0,0.00,0.00,0.00,0,0,0.00,0.00,0,0
1446512070,s1-eth1,1223306.00,27258.00,1250564.00,27258,1223306,413.00,413.00,826.00,413,413,0.00,0.00,0,0
1446512070,s1-eth2,27258.00,1223306.00,1250564.00,1223306,27258,413.00,413.00,826.00,413,413,0.00,0.00,0,0
1446512070,total,1250564.00,1250564.00,2501128.00,1250564,1250564,826.00,826.00,1652.00,826,826,0.00,0.00,0,0
1446512071,lo,0.00,0.00,0.00,0,0,0.00,0.00,0.00,0,0,0.00,0.00,0,0
1446512071,s1,0.00,0.00,0.00,0,0,0.00,0.00,0.00,0,0,0.00,0.00,0,0
1446512071,eth0,0.00,0.00,0.00,0,0,0.00,0.00,0.00,0,0,0.00,0.00,0,0
1446512071,eth1,0.00,0.00,0.00,0,0,0.00,0.00,0.00,0,0,0.00,0.00,0,0
1446512071,s1-eth1,1227662.00,27258.00,1254920.00,27258,1227662,479.00,413.00,892.00,413,479,0.00,0.00,0,0
1446512071,s1-eth2,27258.00,1227662.00,1254920.00,1227662,27258,413.00,479.00,892.00,479,413,0.00,0.00,0,0
1446512071,total,1254920.00,1254920.00,2509840.00,1254920,1254920,892.00,892.00,1784.00,892,892,0.00,0.00,0,0
1446512072,lo,172.00,172.00,344.00,172,172,3.00,3.00,6.00,3,3,0.00,0.00,0,0
1446512072,s1,0.00,0.00,0.00,0,0,0.00,0.00,0.00,0,0,0.00,0.00,0,0
1446512072,eth0,0.00,0.00,0.00,0,0,0.00,0.00,0.00,0,0,0.00,0.00,0,0
1446512072,eth1,0.00,0.00,0.00,0,0,0.00,0.00,0.00,0,0,0.00,0.00,0,0
1446512072,s1-eth1,1223306.00,27258.00,1250564.00,27258,1223306,413.00,413.00,826.00,413,413,0.00,0.00,0,0
1446512072,s1-eth2,27258.00,1223306.00,1250564.00,1223306,27258,413.00,413.00,826.00,413,413,0.00,0.00,0,0
1446512072,total,1250736.00,1250736.00,2501472.00,1250736,1250736,829.00,829.00,1658.00,829,829,0.00,0.00,0,0
1446512073,lo,0.00,0.00,0.00,0,0,0.00,0.00,0.00,0,0,0.00,0.00,0,0
1446512073,s1,0.00,0.00,0.00,0,0,0.00,0.00,0.00,0,0,0.00,0.00,0,0
1446512073,eth0,0.00,0.00,0.00,0,0,0.00,0.00,0.00,0,0,0.00,0.00,0,0
1446512073,eth1,0.00,0.00,0.00,0,0,0.00,0.00,0.00,0,0,0.00,0.00,0,0
1446512073,s1-eth1,1217382.00,27126.00,1244508.00,27126,1217382,411.00,411.00,822.00,411,411,0.00,0.00,0,0
1446512073,s1-eth2,27126.00,1217382.00,1244508.00,1217382,27126,411.00,411.00,822.00,411,411,0.00,0.00,0,0
1446512073,total,1244508.00,1244508.00,2489016.00,1244508,1244508,822.00,822.00,1644.00,822,822,0.00,0.00,0,0
1446512074,lo,0.00,0.00,0.00,0,0,0.00,0.00,0.00,0,0,0.00,0.00,0,0
1446512074,s1,0.00,0.00,0.00,0,0,0.00,0.00,0.00,0,0,0.00,0.00,0,0
1446512074,eth0,0.00,0.00,0.00,0,0,0.00,0.00,0.00,0,0,0.00,0.00,0,0
1446512074,eth1,0.00,0.00,0.00,0,0,0.00,0.00,0.00,0,0,0.00,0.00,0,0
1446512074,s1-eth1,1223306.00,27258.00,1250564.00,27258,1223306,413.00,413.00,826.00,413,413,0.00,0.00,0,0
1446512074,s1-eth2,27258.00,1223306.00,1250564.00,1223306,27258,413.00,413.00,826.00,413,413,0.00,0.00,0,0
1446512074,total,1250564.00,1250564.00,2501128.00,1250564,1250564,826.00,826.00,1652.00,826,826,0.00,0.00,0,0
1446512075,lo,0.00,0.00,0.00,0,0,0.00,0.00,0.00,0,0,0.00,0.00,0,0
1446512075,s1,0.00,0.00,0.00,0,0,0.00,0.00,0.00,0,0,0.00,0.00,0,0
1446512075,eth0,0.00,0.00,0.00,0,0,0.00,0.00,0.00,0,0,0.00,0.00,0,0
1446512075,eth1,0.00,0.00,0.00,0,0,0.00,0.00,0.00,0,0,0.00,0.00,0,0
1446512075,s1-eth1,1223306.00,27258.00,1250564.00,27258,1223306,413.00,413.00,826.00,413,413,0.00,0.00,0,0
1446512075,s1-eth2,27258.00,1223306.00,1250564.00,1223306,27258,413.00,413.00,826.00,413,413,0.00,0.00,0,0
1446512075,total,1250564.00,1250564.00,2501128.00,1250564,1250564,826.00,826.00,1652.00,826,826,0.00,0.00,0,0
1446512076,lo,0.00,0.00,0.00,0,0,0.00,0.00,0.00,0,0,0.00,0.00,0,0
1446512076,s1,0.00,0.00,0.00,0,0,0.00,0.00,0.00,0,0,0.00,0.00,0,0
1446512076,eth0,0.00,0.00,0.00,0,0,0.00,0.00,0.00,0,0,0.00,0.00,0,0
1446512076,eth1,0.00,0.00,0.00,0,0,0.00,0.00,0.00,0,0,0.00,0.00,0,0
1446512076,s1-eth1,1217382.00,27126.00,1244508.00,27126,1217382,411.00,411.00,822.00,411,411,0.00,0.00,0,0
1446512076,s1-eth2,27126.00,1217382.00,1244508