1446512084,lo,0.00,0.00,0.00,0,0,0.00,0.00,0.00,0,0,0.00,0.00,0,0
1446512084,s1,0.00,0.00,0.00,0,0,0.00,0.00,0.00,0,0,0.00,0.00,0,0
1446512084,eth0,0.00,0.00,0.00,0,0,0.00,0.00,0.00,0,0,0.00,0.00,0,0
1446512084,s2,0.00,0.00,0.00,0,0,0.00,0.00,0.00,0,0,0.00,0.00,0,0
1446512084,eth1,0.00,0.00,0.00,0,0,0.00,0.00,0.00,0,0,0.00,0.00,0,0
1446512084,s2-eth1,0.00,0.00,0.00,0,0,0.00,0.00,0.00,0,0,0.00,0.00,0,0
1446512084,s2-eth2,0.00,0.00,0.00,0,0,0.00,0.00,0.00,0,0,0.00,0.00,0,0
1446512084,s1-eth3,0.00,0.00,0.00,0,0,0.00,0.00,0.00,0,0,0.00,0.00,0,0
1446512084,s1-eth1,0.00,0.00,0.00,0,0,0.00,0.00,0.00,0,0,0.00,0.00,0,0
1446512084,s1-eth2,0.00,0.00,0.00,0,0,0.00,0.00,0.00,0,0,0.00,0.00,0,0
1446512084,total,0.00,0.00,0.00,0,0,0.00,0.00,0.00,0,0,0.00,0.00,0,0
1446512085,lo,1726.27,1726.27,3452.55,1728,1728,17.98,17.98,35.96,18,18,0.00,0.00,0,0
1446512085,s1,0.00,269.73,269.73,270,0,0.00,3.00,3.00,3,0,0.00,0.00,0,0
1446512085,eth0,0.00,0.00,0.00,0,0,0.00,0.00,0.00,0,0,0.00,0.00,0,0
1446512085,s2,0.00,269.73,269.73,270,0,0.00,3.00,3.00,3,0,0.00,0.00,0,0
1446512085,eth1,0.00,119.88,119.88,120,0,0.00,2.00,2.00,2,0,0.00,0.00,0,0
1446512085,s2-eth1,89.91,179.82,269.73,180,90,1.00,2.00,3.00,2,1,0.00,0.00,0,0
1446512085,s2-eth2,179.82,89.91,269.73,90,180,2.00,1.00,3.00,1,2,0.00,0.00,0,0
1446512085,s1-eth3,179.82,89.91,269.73,90,180,2.00,1.00,3.00,1,2,0.00,0.00,0,0
1446512085,s1-eth1,1222263.77,27320.68,1249584.45,27348,1223486,414.59,413.59,828.17,414,415,0.00,0.00,0,0
1446512085,s1-eth2,27476.52,1222173.86,1249650.38,1223396,27504,415.58,413.59,829.17,414,416,0.00,0.00,0,0
1446512085,total,1251916.12,1252239.79,2504155.91,1253492,1253168,853.15,857.14,1710.29,858,854,0.00,0.00,0,0
1446512086,lo,0.00,0.00,0.00,0,0,0.00,0.00,0.00,0,0,0.00,0.00,0,0
1446512086,s1,0.00,0.00,0.00,0,0,0.00,0.00,0.00,0,0,0.00,0.00,0,0
1446512086,eth0,0.00,0.00,0.00,0,0,0.00,0.00,0.00,0,0,0.00,0.00,0,0
1446512086,s2,0.00,0.00,0.00,0,0,0.00,0.00,0.00,0,0,0.00,0.00,0,0
1446512086,eth1,0.00,60.00,60.00,60,0,0.00,1.00,1.00,1,0,0.00,0.00,0,0
1446512086,s2-eth1,0.00,0.00,0.00,0,0,0.00,0.00,0.00,0,0,0.00,0.00,0,0
1446512086,s2-eth2,0.00,0.00,0.00,0,0,0.00,0.00,0.00,0,0,0.00,0.00,0,0
1446512086,s1-eth3,0.00,0.00,0.00,0,0,0.00,0.00,0.00,0,0,0.00,0.00,0,0
1446512086,s1-eth1,1222083.95,27164.84,1249248.79,27192,1223306,412.59,411.59,824.18,412,413,0.00,0.00,0,0
1446512086,s1-eth2,27164.84,1222083.95,1249248.79,1223306,27192,411.59,412.59,824.18,413,412,0.00,0.00,0,0
1446512086,total,1249248.79,1249308.73,2498557.51,1250558,1250498,824.18,825.17,1649.35,826,825,0.00,0.00,0,0
1446512087,lo,0.00,0.00,0.00,0,0,0.00,0.00,0.00,0,0,0.00,0.00,0,0
1446512087,s1,0.00,0.00,0.00,0,0,0.00,0.00,0.00,0,0,0.00,0.00,0,0
1446512087,eth0,0.00,0.00,0.00,0,0,0.00,0.00,0.00,0,0,0.00,0.00,0,0
1446512087,s2,0.00,0.00,0.00,0,0,0.00,0.00,0.00,0,0,0.00,0.00,0,0
1446512087,eth1,0.00,0.00,0.00,0,0,0.00,0.00,0.00,0,0,0.00,0.00,0,0
1446512087,s2-eth1,0.00,0.00,0.00,0,0,0.00,0.00,0.00,0,0,0.00,0.00,0,0
1446512087,s2-eth2,0.00,0.00,0.00,0,0,0.00,0.00,0.00,0,0,0.00,0.00,0,0
1446512087,s1-eth3,0.00,0.00,0.00,0,0,0.00,0.00,0.00,0,0,0.00,0.00,0,0
1446512087,s1-eth1,1220344.00,27258.00,1247602.00,27258,1220344,412.00,413.00,825.00,413,412,0.00,0.00,0,0
1446512087,s1-eth2,27258.00,1220344.00,1247602.00,1220344,27258,413.00,412.00,825.00,412,413,0.00,0.00,0,0
1446512087,total,1247602.00,1247602.00,2495204.00,1247602,1247602,825.00,825.00,1650.00,825,825,0.00,0.00,0,0
1446512088,lo,3072.00,3072.00,6144.00,3072,3072,30.00,30.00,60.00,30,30,0.00,0.00,0,0
1446512088,s1,0.00,210.00,210.00,210,0,0.00,3.00,3.00,3,0,0.00,0.00,0,0
1446512088,eth0,0.00,0.00,0.00,0,0,0.00,0.00,0.00,0,0,0.00,0.00,0,0
1446512088,s2,0.00,210.00,210.00,210,0,0.00,3.00,3.00,3,0,0.00,0.00,0,0
1446512088,eth1,0.00,0.00,0.00,0,0,0.00,0.00,0.00,0,0,0.00,0.00,0,0
1446512088,s2-eth1,154.00,182.00,336.00,182,154,3.00,3.00,6.00,3,3,0.00,0.00,0,0
1446512088,s2-eth2,182.00,154.00,336.00,154,182,3.00,3.00,6.00,3,3,0.00,0.00,0,0
1446512088,s1-eth3,182.00,154.00,336.00,154,182,3.00,3.00,6.00,3,3,0.00,0.00,0,0
1446512088,s1-eth1,1223488.00,27370.00,1250858.00,27370,1223488,416.00,415.00,831.00,415,416,0.00,0.00,0,0
1446512088,s1-eth2,27440.00,1223376.00,1250816.00,1223376,27440,416.00,414.00,830.00,414,416,0.00,0.00,0,0
1446512088,total,1254518.00,1254728.00,2509246.00,1254728,1254518,871.00,874.00,1745.00,874,871,0.00,0.00,0,0
1446512089,lo,696.00,696.00,1392.00,696,696,8.00,8.00,16.00,8,8,0.00,0.00,0,0
1446512089,s1,0.00,0.00,0.00,0,0,0.00,0.00,0.00,0,0,0.00,0.00,0,0
1446512089,eth0,0.00,0.00,0.00,0,0,0.00,0.00,0.00,0,0,0.00,0.00,0,0
1446512089,s2,0.00,0.00,0.00,0,0,0.00,0.00,0.00,0,0,0.00,0.00,0,0
1446512089,eth1,0.00,0.00,0.00,0,0,0.00,0.00,0.00,0,0,0.00,0.00,0,0
1446512089,s2-eth1,0.00,42.00,42.00,42,0,0.00,1.00,1.00,1,0,0.00,0.00,0,0
1446512089,s2-eth2,42.00,0.00,42.00,0,42,1.00,0.00,1.00,0,1,0.00,0.00,0,0
1446512089,s1-eth3,42.00,0.00,42.00,0,42,1.00,0.00,1.00,0,1,0.00,0.00,0,0
1446512089,s1-eth1,1223306.00,27192.00,1250498.00,27192,1223306,413.00,412.00,825.00,412,413,0.00,0.00,0,0
1446512089,s1-eth2,27258.00,1223348.00,1250606.00,1223348,27258,413.00,414.00,827.00,414,413,0.00,0.00,0,0
1446512089,total,1251344.00,1251278.00,2502622.00,1251278,1251344,836.00,835.00,1671.00,835,836,0.00,0.00,0,0
1446512090,lo,0.00,0.00,0.00,0,0,0.00,0.00,0.00,0,0,0.00,0.00,0,0
1446512090,s1,0.00,0.00,0.00,0,0,0.00,0.00,0.00,0,0,0.00,0.00,0,0
1446512090,eth0,0.00,0.00,0.00,0,0,0.00,0.00,0.00,0,0,0.00,0.00,0,0
1446512090,s2,0.00,0.00,0.00,0,0,0.00,0.00,0.00,0,0,0.00,0.00,0,0
1446512090,eth1,0.00,0.00,0.00,0,0,0.00,0.00,0.00,0,0,0.00,0.00,0,0
1446512090,s2-eth1,0.00,0.00,0.00,0,0,0.00,0.00,0.00,0,0,0.00,0.00,0,0
1446512090,s2-eth2,0.00,0.00,0.00,0,0,0.00,0.00,0.00,0,0,0.00,0.00,0,0
1446512090,s1-eth3,0.00,0.00,0.00,0,0,0.00,0.00,0.00,0,0,0.00,0.00,0,0
1446512090,s1-eth1,1220344.00,27192.00,1247536.00,27192,1220344,412.00,412.00,824.00,412,412,0.00,0.00,0,0
1446512090,s1-eth2,27192.00,1220344.00,1247536.00,1220344,27192,412.00,412.00,824.00,412,412,0.00,0.00,0,0
1446512090,total,1247536.00,1247536.00,2495072.00,1247536,1247536,824.00,824.00,1648.00,824,824,0.00,0.00,0,0
1446512091,lo,0.00,0.00,0.00,0,0,0.00,0.00,0.00,0,0,0.00,0.00,0,0
1446512091,s1,0.00,0.00,0.00,0,0,0.00,0.00,0.00,0,0,0.00,0.00,0,0
1446512091,eth0,0.00,0.00,0.00,0,0,0.00,0.00,0.00,0,0,0.00,0.00,0,0
1446512091,s2,0.00,0.00,0.00,0,0,0.00,0.00,0.00,0,0,0.00,0.00,0,0
1446512091,eth1,0.00,120.00,120.00,120,0,0.00,2.00,2.00,2,0,0.00,0.00,0,0
1446512091,s2-eth1,0.00,0.00,0.00,0,0,0.00,0.00,0.00,0,0,0.00,0.00,0,0
1446512091,s2-eth2,0.00,0.00,0.00,0,0,0.00,0.00,0.00,0,0,0.00,0.00,0,0
1446512091,s1-eth3,0.00,0.00,0.00,0,0,0.00,0.00,0.00,0,0,0.00,0.00,0,0
1446512091,s1-eth1,1220344.00,27258.00,1247602.00,27258,1220344,412.00,413.00,825.00,413,412,0.00,0.00,0,0
1446512091,s1-eth2,27192.00,1220344.00,1247536.00,1220344,27192,412.00,412.00,824.00,412,412,0.00,0.00,0,0
1446512091,total,1247536.00,1247722.00,2495258.00,1247722,1247536,824.00,827.00,1651.00,827,824,0.00,0.00,0,0
1446512092,lo,1072.00,1072.00,2144.00,1072,1072,12.00,12.00,24.00,12,12,0.00,0.00,0,0
1446512092,s1,0.00,140.00,140.00,140,0,0.00,2.00,2.00,2,0,0.00,0.00,0,0
1446512092,eth0,0.00,0.00,0.00,0,0,0.00,0.00,0.00,0,0,0.00,0.00,0,0
1446512092,s2,0.00,140.00,140.00,140,0,0.00,2.00,2.00,2,0,0.00,0.00,0,0
1446512092,eth1,0.00,60.00,60.00,60,0,0.00,1.00,1.00,1,0,0.00,0.00,0,0
1446512092,s2-eth1,70.00,70.00,140.00,70,70,1.00,1.00,2.00,1,1,0.00,0.00,0,0
1446512092,s2-eth2,70.00,70.00,140.00,70,70,1.00,1.00,2.00,1,1,0.00,0.00,0,0
1446512092,s1-eth3,70.00,70.00,140.00,70,70,1.00,1.00,2.00,1,1,0.00,0.00,0,0
1446512092,s1-eth1,1223376.00,27328.00,1250704.00,27328,1223376,414.00,414.00,828.00,414,414,0.00,0.00,0,0
1446512092,s1-eth2,27398.00,1223306.00,1250704.00,1223306,27398,415.00,413.00,828.00,413,415,0.00,0.00,0,0
1446512092,total,1252056.00,1252256.00,2504312.00,1252256,1252056,844.00,847.00,1691.00,847,844,0.00,0.00,0,0
1446512093,lo,536.00,536.00,1072.00,536,536,6.00,6.00,12.00,6,6,0.00,0.00,0,0
1446512093,s1,0.00,70.00,70.00,70,0,0.00,1.00,1.00,1,0,0.00,0.00,0,0
1446512093,eth0,0.00,0.00,0.00,0,0,0.00,0.00,0.00,0,0,0.00,0.00,0,0
1446512093,s2,0.00,70.00,70.00,70,0,0.00,1.00,1.00,1,0,0.00,0.00,0,0
1446512093,eth1,0.00,0.00,0.00,0,0,0.00,0.00,0.00,0,0,0.00,0.00,0,0
1446512093,s2-eth1,0.00,70.00,70.00,70,0,0.00,1.00,1.00,1,0,0.00,0.00,0,0
1446512093,s2-eth2,70.00,0.00,70.00,0,70,1.00,0.00,1.00,0,1,0.00,0.00,0,0
1446512093,s1-eth3,70.00,0.00,70.00,0,70,1.00,0.00,1.00,0,1,0.00,0.00,0,0
1446512093,s1-eth1,1220414.00,27192.00,1247606.00,27192,1220414,413.00,412.00,825.00,412,413,0.00,0.00,0,0
1446512093,s1-eth2,27192.00,1220414.00,1247606.00,1220414,27192,412.00,413.00,825.00,413,412,0.00,0.00,0,0
1446512093,total,1248282.00,1248352.00,2496634.00,1248352,1248282,833.00,834.00,1667.00,834,833,0.00,0.00,0,0
1446512094,lo,0.00,0.00,0.00,0,0,0.00,0.00,0.00,0,0,0.00,0.00,0,0
1446512094,s1,0.00,0.00,0.00,0,0,0.00,0.00,0.00,0,0,0.00,0.00,0,0
1446512094,eth0,0.00,0.00,0.00,0,0,0.00,0.00,0.00,0,0,0.00,0.00,0,0
1446512094,s2,0.00,0.00,0.00,0,0,0.00,0.00,0.00,0,0,0.00,0.00,0,0
1446512094,eth1,0.00,119.88,119.88,120,0,0.00,2.00,2.00,2,0,0.00,0.00,0,0
1446512094,s2-eth1,0.00,0.00,0.00,0,0,0.00,0.00,0.00,0,0,0.00,0.00,0,0
1446512094,s2-eth2,0.00,0.00,0.00,0,0,0.00,0.00,0.00,0,0,0.00,0.00,0,0
1446512094,s1-eth3,0.00,0.00,0.00,0,0,0.00,0.00,0.00,0,0,0.00,0.00,0,0
1446512094,s1-eth1,1228933.10,27230.77,1256163.87,27258,1230162,472.53,412.59,885.11,413,473,0.00,0.00,0,0
1446512094,s1-eth2,27296.70,1228933.10,1256229.80,1230162,27324,413.59,472.53,886.11,473,414,0.00,0.00,0,0
1446512094,total,1256229.80,1256283.75,2512513.55,1257540,1257486,886.11,887.11,1773.23,888,887,0.00,0.00,0,0
1446512095,lo,0.00,0.00,0.00,0,0,0.00,0.00,0.00,0,0,0.00,0.00,0,0
1446512095,s1,0.00,0.00,0.00,0,0,0.00,0.00,0.00,0,0,0.00,0.00,0,0
1446512095,eth0,0.00,0.00,0.00,0,0,0.00,0.00,0.00,0,0,0.00,0.00,0,0
1446512095,s2,0.00,0.00,0.00,0,0,0.00,0.00,0.00,0,0,0.00,0.00,0,0
1446512095,eth1,0.00,60.00,60.00,60,0,0.00,1.00,1.00,1,0,0.00,0.00,0,0
1446512095,s2-eth1,0.00,0.00,0.00,0,0,0.00,0.00,0.00,0,0,0.00,0.00,0,0
1446512095,s2-eth2,0.00,0.00,0.00,0,0,0.00,0.00,0.00,0,0,0.00,0.00,0,0
1446512095,s1-eth3,0.00,0.00,0.00,0,0,0.00,0.00,0.00,0,0,0.00,0.00,0,0
1446512095,s1-eth1,1223306.00,27258.00,1250564.00,27258,1223306,413.00,413.00,826.00,413,413,0.00,0.00,0,0
1446512095,s1-eth2,27258.00,1223306.00,1250564.00,1223306,27258,413.00,413.00,826.00,413,413,0.00,0.00,0,0
1446512095,total,1250564.00,1250624.00,2501188.00,1250624,1250564,826.00,827.00,1653.00,827,826,0.00,0.00,0,0
1446512096,lo,0.00,0.00,0.00,0,0,0.00,0.00,0.00,0,0,0.00,0.00,0,0
1446512096,s1,0.00,0.00,0.00,0,0,0.00,0.00,0.00,0,0,0.00,0.00,0,0
1446512096,eth0,0.00,0.00,0.00,0,0,0.00,0.00,0.00,0,0,0.00,0.00,0,0
1446512096,s2,0.00,0.00,0.00,0,0,0.00,0.00,0.00,0,0,0.00,0.00,0,0
1446512096,eth1,0.00,0.00,0.00,0,0,0.00,0.00,0.00,0,0,0.00,0.00,0,0
1446512096,s2-eth1,0.00,0.00,0.00,0,0,0.00,0.00,0.00,0,0,0.00,0.00,0,0
1446512096,s2-eth2,0.00,0.00,0.00,0,0,0.00,0.00,0.00,0,0,0.00,0.00,0,0
1446512096,s1-eth3,0.00,0.00,0.00,0,0,0.00,0.00,0.00,0,0,0.00,0.00,0,0
1446512096,s1-eth1,1223306.00,27258.00,1250564.00,27258,1223306,413.00,413.00,826.00,413,413,0.00,0.00,0,0
1446512096,s1-eth2,27192.00,1223306.00,1250498.00,1223306,27192,412.00,413.00,825.00,413,412,0.00,0.00,0,0
1446512096,total,1250498.00,1250564.00,2501062.00,1250564,1250498,825.00,826.00,1651.00,826,825,0.00,0.00,0,0
1446512097,lo,344.00,344.00,688.00,344,344,6.00,6.00,12.00,6,6,0.00,0.00,0,0
1446512097,s1,0.00,0.00,0.00,0,0,0.00,0.00,0.00,0,0,0.00,0.00,0,0
1446512097,eth0,0.00,0.00,0.00,0,0,0.00,0.00,0.00,0,0,0.00,0.00,0,0
1446512097,s2,0.00,0.00,0.00,0,0,0.00,0.00,0.00,0,0,0.00,0.00,0,0
1446512097,eth1,0.00,0.00,0.00,0,0,0.00,0.00,0.00,0,0,0.00,0.00,0,0
1446512097,s2-eth1,0.00,0.00,0.00,0,0,0.00,0.00,0.00,0,0,0.00,0.00,0,0
1446512097,s2-eth2,0.00,0.00,0.00,0,0,0.00,0.00,0.00,0,0,0.00,0.00,0,0
1446512097,s1-eth3,0.00,0.00,0.00,0,0,0.00,0.00,0.00,0,0,0.00,0.00,0,0
1446512097,s1-eth1,1223306.00,27258.00,1250564.00,27258,1223306,413.00,413.00,826.00,413,413,0.00,0.00,0,0
1446512097,s1-eth2,27324.00,1223306.00,1250630.00,1223306,27324,414.00,413.00,827.00,413,414,0.00,0.00,0,0
1446512097,total,1250974.00,1250908.00,2501882.00,1250908,1250974,833.00,832.00,1665.00,832,833,0.00,0.00,0,0
1446512098,lo,0.00,0.00,0.00,0,0,0.00,0.00,0.00,0,0,0.00,0.00,0,0
1446512098,s1,0.00,0.00,0.00,0,0,0.00,0.00,0.00,0,0,0.00,0.00,0,0
1446512098,eth0,0.00,0.00,0.00,0,0,0.00,0.00,0.00,0,0,0.00,0.00,0,0
1446512098,s2,0.00,0.00,0.00,0,0,0.00,0.00,0.00,0,0,0.00,0.00,0,0
1446512098,eth1,0.00,0.00,0.00,0,0,0.00,0.00,0.00,0,0,0.00,0.00,0,0
1446512098,s2-eth1,0.00,0.00,0.00,0,0,0.00,0.00,0.00,0,0,0.00,0.00,0,0
1446512098,s2-eth2,0.00,0.00,0.00,0,0,0.00,0.00,0.00,0,0,0.00,0.00,0,0
1446512098,s1-eth3,0.00,0.00,0.00,0,0,0.00,0.00,0.00,0,0,0.00,0.00,0,0
1446512098,s1-eth1,1223306.00,27258.00,1250564.00,27258,1223306,413.00,413.00,826.00,413,413,0.00,0.00,0,0
1446512098,s1-eth2,27192.00,1223306.00,1250498.00,1223306,27192,412.00,413.00,825.00,413,412,0.00,0.00,0,0
1446512098,total,1250498.00,1250564.00,2501062.00,1250564,1250498,825.00,826.00,1651.00,826,825,0.00,0.00,0,0
1446512099,lo,0.00,0.00,0.00,0,0,0.00,0.00,0.00,0,0,0.00,0.00,0,0
1446512099,s1,0.00,0.00,0.00,0,0,0.00,0.00,0.00,0,0,0.00,0.00,0,0
1446512099,eth0,0.00,0.00,0.00,0,0,0.00,0.00,0.00,0,0,0.00,0.00,0,0
1446512099,s2,0.00,0.00,0.00,0,0,0.00,0.00,0.00,0,0,0.00,0.00,0,0
1446512099,eth1,0.00,0.00,0.00,0,0,0.00,0.00,0.00,0,0,0.00,0.00,0,0
1446512099,s2-eth1,0.00,0.00,0.00,0,0,0.00,0.00,0.00,0,0,0.00,0.00,0,0
1446512099,s2-eth2,0.00,0.00,0.00,0,0,0.00,0.00,0.00,0,0,0.00,0.00,0,0
1446512099,s1-eth3,0.00,0.00,0.00,0,0,0.00,0.00,0.00,0,0,0.00,0.00,0,0
1446512099,s1-eth1,1223306.00,27258.00,1250564.00,27258,1223306,413.00,413.00,826.00,413,413,0.00,0.00,0,0
1446512099,s1-eth2,27324.00,1223306.00,1250630.00,1223306,27324,414.00,413.00,827.00,413,414,0.00,0.00,0,0
1446512099,total,1250630.00,1250564.00,2501194.00,1250564,1250630,827.00,826.00,1653.00,826,827,0.00,0.00,0,0
1446512100,lo,0.00,0.00,0.00,0,0,0.00,0.00,0.00,0,0,0.00,0.00,0,0
1446512100,s1,0.00,0.00,0.00,0,0,0.00,0.00,0.00,0,0,0.00,0.00,0,0
1446512100,eth0,0.00,0.00,0.00,0,0,0.00,0.00,0.00,0,0,0.00,0.00,0,0
1446512100,s2,0.00,0.00,0.00,0,0,0.00,0.00,0.00,0,0,0.00,0.00,0,0
1446512100,eth1,0.00,120.00,120.00,120,0,0.00,2.00,2.00,2,0,0.00,0.00,0,0
1446512100,s2-eth1,0.00,0.00,0.00,0,0,0.00,0.00,0.00,0,0,0.00,0.00,0,0
1446512100,s2-eth2,0.00,0.00,0.00,0,0,0.00,0.00,0.00,0,0,0.00,0.00,0,0
1446512100,s1-eth3,0.00,0.00,0.00,0,0,0.00,0.00,0.00,0,0,0.00,0.00,0,0
1446512100,s1-eth1,1227266.00,27258.00,1254524.00,27258,1227266,473.00,413.00,886.00,413,473,0.00,0.00,0,0
1446512100,s1-eth2,27258.00,1227266.00,1254524.00,1227266,27258,413.00,473.00,886.00,473,413,0.00,0.00,0,0
1446512100,total,1254524.00,1254644.00,2509168.00,1254644,1254524,886.00,888.00,1774.00,888,886,0.00,0.00,0,0
1446512101,lo,0.00,0.00,0.00,0,0,0.00,0.00,0.00,0,0,0.00,0.00,0,0
1446512101,s1,0.00,0.00,0.00,0,0,0.00,0.00,0.00,0,0,0.00,0.00,0,0
1446512101,eth0,0.00,0.00,0.00,0,0,0.00,0.00,0.00,0,0,0.00,0.00,0,0
1446512101,s2,0.00,0.00,0.00,0,0,0.00,0.00,0.00,0,0,0.00,0.00,0,0
1446512101,eth1,0.00,59.94,59.94,60,0,0.00,1.00,1.00,1,0,0.00,0.00,0,0
1446512101,s2-eth1,0.00,0.00,0.00,0,0,0.00,0.00,0.00,0,0,0.00,0.00,0,0
1446512101,s2-eth2,0.00,0.00,0.00,0,0,0.00,0.00,0.00,0,0,0.00,0.00,0,0
1446512101,s1-eth3,0.00,0.00,0.00,0,0,0.00,0.00,0.00,0,0,0.00,0.00,0,0
1446512101,s1-eth1,1222083.95,27296.70,1249380.65,27324,1223306,412.59,413.59,826.17,414,413,0.00,0.00,0,0
1446512101,s1-eth2,27230.77,1222083.95,1249314.72,1223306,27258,412.59,412.59,825.17,413,413,0.00,0.00,0,0
1446512101,total,1249314.72,1249440.59,2498755.31,1250690,1250564,825.17,827.17,1652.35,828,826,0.00,0.00,0,0
1446512102,lo,344.00,344.00,688.00,344,344,6.00,6.00,12.00,6,6,0.00,0.00,0,0
1446512102,s1,0.00,0.00,0.00,0,0,0.00,0.00,0.00,0,0,0.00,0.00,0,0
1446512102,eth0,0.00,0.00,0.00,0,0,0.00,0.00,0.00,0,0,0.00,0.00,0,0
1446512102,s2,0.00,0.00,0.00,0,0,0.00,0.00,0.00,0,0,0.00,0.00,0,0
1446512102,eth1,0.00,0.00,0.00,0,0,0.00,0.00,0.00,0,0,0.00,0.00,0,0
1446512102,s2-eth1,0.00,0.00,0.00,0,0,0.00,0.00,0.00,0,0,0.00,0.00,0,0
1446512102,s2-eth2,0.00,0.00,0.00,0,0,0.00,0.00,0.00,0,0,0.00,0.00,0,0
1446512102,s1-eth3,0.00,0.00,0.00,0,0,0.00,0.00,0.00,0,0,0.00,0.00,0,0
1446512102,s1-eth1,1226268.00,27258.00,1253526.00,27258,1226268,414.00,413.00,827.00,413,414,0.00,0.00,0,0
1446512102,s1-eth2,27258.00,1226268.00,1253526.00,1226268,27258,413.00,414.00,827.00,414,413,0.00,0.00,0,0
1446512102,total,1253870.00,1253870.00,2507740.00,1253870,1253870,833.00,833.00,1666.00,833,833,0.00,0.00,0,0
1446512103,lo,0.00,0.00,0.00,0,0,0.00,0.00,0.00,0,0,0.00,0.00,0,0
1446512103,s1,0.00,0.00,0.00,0,0,0.00,0.00,0.00,0,0,0.00,0.00,0,0
1446512103,eth0,0.00,0.00,0.00,0,0,0.00,0.00,0.00,0,0,0.00,0.00,0,0
1446512103,s2,0.00,0.00,0.00,0,0,0.00,0.00,0.00,0,0,0.00,0.00,0,0
1446512103,eth1,0.00,120.00,120.00,120,0,0.00,2.00,2.00,2,0,0.00,0.00,0,0
1446512103,s2-eth1,0.00,0.00,0.00,0,0,0.00,0.00,0.00,0,0,0.00,0.00,0,0
1446512103,s2-eth2,0.00,0.00,0.00,0,0,0.00,0.00,0.00,0,0,0.00,0.00,0,0
1446512103,s1-eth3,0.00,0.00,0.00,0,0,0.00,0.00,0.00,0,0,0.00,0.00,0,0
1446512103,s1-eth1,1223306.00,27258.00,1250564.00,27258,1223306,413.00,413.00,826.00,413,413,0.00,0.00,0,0
1446512103,s1-eth2,27324.00,1223306.00,1250630.00,1223306,27324,414.00,413.00,827.00,413,414,0.00,0.00,0,0
1446512103,total,1250630.00,1250684.00,2501314.00,1250684,1250630,827.00,828.00,1655.00,828,827,0.00,0.00,0,0
1446512104,lo,0.00,0.00,0.00,0,0,0.00,0.00,0.00,0,0,0.00,0.00,0,0
1446512104,s1,0.00,0.00,0.00,0,0,0.00,0.00,0.00,0,0,0.00,0.00,0,0
1446512104,eth0,0.00,0.00,0.00,0,0,0.00,0.00,0.00,0,0,0.00,0.00,0,0
1446512104,s2,0.00,0.00,0.00,0,0,0.00,0.00,0.00,0,0,0.00,0.00,0,0
1446512104,eth1,0.00,60.00,60.00,60,0,0.00,1.00,1.00,1,0,0.00,0.00,0,0
1446512104,s2-eth1,0.00,0.00,0.00,0,0,0.00,0.00,0.00,0,0,0.00,0.00,0,0
1446512104,s2-eth2,0.00,0.00,0.00,0,0,0.00,0.00,0.00,0,0,0.00,0.00,0,0
1446512104,s1-eth3,0.00,0.00,0.00,0,0,0.00,0.00,0.00,0,0,0.00,0.00,0,0
1446512104,s1-eth1,1223306.00,27258.00,1250564.00,27258,1223306,413.00,413.00,826.00,413,413,0.00,0.00,0,0
1446512104,s1-eth2,27258.00,1223306.00,1250564.00,1223306,27258,413.00,413.00,826.00,413,413,0.00,0.00,0,0
1446512104,total,1250564.00,1250624.00,2501188.00,1250624,1250564,826.00,827.00,1653.00,827,826,0.00,0.00,0,0
1446512105,lo,0.00,0.00,0.00,0,0,0.00,0.00,0.00,0,0,0.00,0.00,0,0
1446512105,s1,0.00,0.00,0.00,0,0,0.00,0.00,0.00,0,0,0.00,0.00,0,0
1446512105,eth0,0.00,0.00,0.00,0,0,0.00,0.00,0.00,0,0,0.00,0.00,0,0
1446512105,s2,0.00,0.00,0.00,0,0,0.00,0.00,0.00,0,0,0.00,0.00,0,0
1446512105,eth1,0.00,0.00,0.00,0,0,0.00,0.00,0.00,0,0,0.00,0.00,0,0
1446512105,s2-eth1,0.00,0.00,0.00,0,0,0.00,0.00,0.00,0,0,0.00,0.00,0,0
1446512105,s2-eth2,0.00,0.00,0.00,0,0,0.00,0.00,0.00,0,0,0.00,0.00,0,0
1446512105,s1-eth3,0.00,0.00,0.00,0,0,0.00,0.00,0.00,0,0,0.00,0.00,0,0
1446512105,s1-eth1,1223306.00,27258.00,1250564.00,27258,1223306,413.00,413.00,826.00,413,413,0.00,0.00,0,0
1446512105,s1-eth2,27258.00,1223306.00,1250564.00,1223306,27258,413.00,413.00,826.00,413,413,0.00,0.00,0,0
1446512105,total,1250564.00,1250564.00,2501128.00,1250564,1250564,826.00,826.00,1652.00,826,826,0.00,0.00,0,0
1446512106,lo,0.00,0.00,0.00,0,0,0.00,0.00,0.00,0,0,0.00,0.00,0,0
1446512106,s1,0.00,0.00,0.00,0,0,0.00,0.00,0.00,0,0,0.00,0.00,0,0
1446512106,eth0,0.00,0.00,0.00,0,0,0.00,0.00,0.00,0,0,0.00,0.00,0,0
1446512106,s2,0.00,0.00,0.00,0,0,0.00,0.00,0.00,0,0,0.00,0.00,0,0
1446512106,eth1,0.00,0.00,0.00,0,0,0.00,0.00,0.00,0,0,0.00,0.00,0,0
1446512106,s2-eth1,0.00,0.00,0.00,0,0,0.00,0.00,0.00,0,0,0.00,0.00,0,0
1446512106,s2-eth2,0.00,0.00,0.00,0,0,0.00,0.00,0.00,0,0,0.00,0.00,0,0
1446512106,s1-eth3,0.00,0.00,0.00,0,0,0.00,0.00,0.00,0,0,0.00,0.00,0,0
1446512106,s1-eth1,1223306.00,27258.00,1250564.00,27258,1223306,413.00,413.00,826.00,413,413,0.00,0.00,0,0
1446512106,s1-eth2,27258.00,1223306.00,1250564.00,1223306,27258,413.00,413.00,826.00,413,413,0.00,0.00,0,0
1446512106,total,1250564.00,1250564.00,2501128.00,1250564,1250564,826.00,826.00,1652.00,826,826,0.00,0.00,0,0
1446512107,lo,343.66,343.66,687.31,344,344,5.99,5.99,11.99,6,6,0.00,0.00,0,0
1446512107,s1,0.00,0.00,0.00,0,0,0.00,0.00,0.00,0,0,0.00,0.00,0,0
1446512107,eth0,0.00,0.00,0.00,0,0,0.00,0.00,0.00,0,0,0.00,0.00,0,0
1446512107,s2,0.00,0.00,0.00,0,0,0.00,0.00,0.00,0,0,0.00,0.00,0,0
1446512107,eth1,0.00,0.00,0.00,0,0,0.00,0.00,0.00,0,0,0.00,0.00,0,0
1446512107,s2-eth1,0.00,0.00,0.00,0,0,0.00,0.00,0.00,0,0,0.00,0.00,0,0
1446512107,s2-eth2,0.00,0.00,0.00,0,0,0.00,0.00,0.00,0,0,0.00,0.00,0,0
1446512107,s1-eth3,0.00,0.00,0.00,0,0,0.00,0.00,0.00,0,0,0.00,0.00,0,0
1446512107,s1-eth1,1223306.00,27324.00,1250630.00,27324,1223306,413.00,414.00,827.00,414,413,0.00,0.00,0,0
1446512107,s1-eth2,27258.00,1223306.00,1250564.00,1223306,27258,413.00,413.00,826.00,413,413,0.00,0.00,0,0
1446512107,total,1250908.00,1250974.00,2501882.00,1250974,1250908,832.00,833.00,1665.00,833,832,0.00,0.00,0,0
1446512108,lo,0.00,0.00,0.00,0,0,0.00,0.00,0.00,0,0,0.00,0.00,0,0
1446512108,s1,0.00,0.00,0.00,0,0,0.00,0.00,0.00,0,0,0.00,0.00,0,0
1446512108,eth0,0.00,0.00,0.00,0,0,0.00,0.00,0.00,0,0,0.00,0.00,0,0
1446512108,s2,0.00,0.00,0.00,0,0,0.00,0.00,0.00,0,0,0.00,0.00,0,0
1446512108,eth1,0.00,0.00,0.00,0,0,0.00,0.00,0.00,0,0,0.00,0.00,0,0
1446512108,s2-eth1,0.00,0.00,0.00,0,0,0.00,0.00,0.00,0,0,0.00,0.00,0,0
1446512108,s2-eth2,0.00,0.00,0.00,0,0,0.00,0.00,0.00,0,0,0.00,0.00,0,0
1446512108,s1-eth3,0.00,0.00,0.00,0,0,0.00,0.00,0.00,0,0,0.00,0.00,0,0
1446512108,s1-eth1,1222083.95,27230.77,1249314.72,27258,1223306,412.59,412.59,825.17,413,413,0.00,0.00,0,0
1446512108,s1-eth2,27230.77,1222083.95,1249314.72,1223306,27258,412.59,412.59,825.17,413,413,0.00,0.00,0,0
1446512108,total,1249314.72,1249314.72,2498629.44,1250564,1250564,825.17,825.17,1650.35,826,826,0.00,0.00,0,0
1446512109,lo,0.00,0.00,0.00,0,0,0.00,0.00,0.00,0,0,0.00,0.00,0,0
1446512109,s1,0.00,0.00,0.00,0,0,0.00,0.00,0.00,0,0,0.00,0.00,0,0
1446512109,eth0,0.00,0.00,0.00,0,0,0.00,0.00,0.00,0,0,0.00,0.00,0,0
1446512109,s2,0.00,0.00,0.00,0,0,0.00,0.00,0.00,0,0,0.00,0.00,0,0
1446512109,eth1,0.00,0.00,0.00,0,0,0.00,0.00,0.00,0,0,0.00,0.00,0,0
1446512109,s2-eth1,0.00,0.00,0.00,0,0,0.00,0.00,0.00,0,0,0.00,0.00,0,0
1446512109,s2-eth2,0.00,0.00,0.00,0,0,0.00,0.00,0.00,0,0,0.00,0.00,0,0
1446512109,s1-eth3,0.00,0.00,0.00,0,0,0.00,0.00,0.00,0,0,0.00,0.00,0,0
1446512109,s1-eth1,1225042.99,27230.77,1252273.76,27258,1226268,413.59,412.59,826.17,413,414,0.00,0.00,0,0
1446512109,s1-eth2,27296.70,1225042.99,1252339.69,1226268,27324,413.59,413.59,827.17,414,414,0.00,0.00,0,0
1446512109,total,1252339.69,1252273.76,2504613.45,1253526,1253592,827.17,826.17,1653.35,827,828,0.00,0.00,0,0
1446512110,lo,0.00,0.00,0.00,0,0,0.00,0.00,0.00,0,0,0.00,0.00,0,0
1446512110,s1,0.00,0.00,0.00,0,0,0.00,0.00,0.00,0,0,0.00,0.00,0,0
1446512110,eth0,0.00,0.00,0.00,0,0,0.00,0.00,0.00,0,0,0.00,0.00,0,0
1446512110,s2,0.00,0.00,0.00,0,0,0.00,0.00,0.00,0,0,0.00,0.00,0,0
1446512110,eth1,0.00,0.00,0.00,0,0,0.00,0.00,0.00,0,0,0.00,0.00,0,0
1446512110,s2-eth1,0.00,0.00,0.00,0,0,0.00,0.00,0.00,0,0,0.00,0.00,0,0
1446512110,s2-eth2,0.00,0.00,0.00,0,0,0.00,0.00,0.00,0,0,0.00,0.00,0,0
1446512110,s1-eth3,0.00,0.00,0.00,0,0,0.00,0.00,0.00,0,0,0.00,0.00,0,0
1446512110,s1-eth1,1223306.00,27258.00,1250564.00,27258,1223306,413.00,413.00,826.00,413,413,0.00,0.00,0,0
1446512110,s1-eth2,27258.00,1223306.00,1250564.00,1223306,27258,413.00,413.00,826.00,413,413,0.00,0.00,0,0
1446512110,total,1250564.00,1250564.00,2501128.00,1250564,1250564,826.00,826.00,1652.00,826,826,0.00,0.00,0,0
1446512111,lo,0.00,0.00,0.00,0,0,0.00,0.00,0.00,0,0,0.00,0.00,0,0
1446512111,s1,0.00,0.00,0.00,0,0,0.00,0.00,0.00,0,0,0.00,0.00,0,0
1446512111,eth0,0.00,0.00,0.00,0,0,0.00,0.00,0.00,0,0,0.00,0.00,0,0
1446512111,s2,0.00,0.00,0.00,0,0,0.00,0.00,0.00,0,0,0.00,0.00,0,0
1446512111,eth1,0.00,0.00,0.00,0,0,0.00,0.00,0.00,0,0,0.00,0.00,0,0
1446512111,s2-eth1,0.00,0.00,0.00,0,0,0.00,0.00,0.00,0,0,0.00,0.00,0,0
1446512111,s2-eth2,0.00,0.00,0.00,0,0,0.00,0.00,0.00,0,0,0.00,0.00,0,0
1446512111,s1-eth3,0.00,0.00,0.00,0,0,0.00,0.00,0.00,0,0,0.00,0.00,0,0
1446512111,s1-eth1,1225880.00,27324.00,1253204.00,27324,1225880,452.00,414.00,866.00,414,452,0.00,0.00,0,0
1446512111,s1-eth2,27258.00,1225946.00,1253204.00,1225946,27258,413.00,453.00,866.00,453,413,0.00,0.00,0,0
1446512111,total,1253138.00,1253270.00,2506408.00,1253270,1253138,865.00,867.00,1732.00,867,865,0.00,0.00,0,0
1446512112,lo,936.00,936.00,1872.00,936,936,12.00,12.00,24.00,12,12,0.00,0.00,0,0
1446512112,s1,0.00,0.00,0.00,0,0,0.00,0.00,0.00,0,0,0.00,0.00,0,0
1446512112,eth0,0.00,0.00,0.00,0,0,0.00,0.00,0.00,0,0,0.00,0.00,0,0
1446512112,s2,0.00,0.00,0.00,0,0,0.00,0.00,0.00,0,0,0.00,0.00,0,0
1446512112,eth1,0.00,0.00,0.00,0,0,0.00,0.00,0.00,0,0,0.00,0.00,0,0
1446512112,s2-eth1,0.00,0.00,0.00,0,0,0.00,0.00,0.00,0,0,0.00,0.00,0,0
1446512112,s2-eth2,0.00,0.00,0.00,0,0,0.00,0.00,0.00,0,0,0.00,0.00,0,0
1446512112,s1-eth3,0.00,0.00,0.00,0,0,0.00,0.00,0.00,0,0,0.00,0.00,0,0
1446512112,s1-eth1,1224734.00,27300.00,1252034.00,27300,1224734,435.00,414.00,849.00,414,435,0.00,0.00,0,0
1446512112,s1-eth2,27300.00,1224668.00,1251968.00,1224668,27300,414.00,434.00,848.00,434,414,0.00,0.00,0,0
1446512112,total,1252970.00,1252904.00,2505874.00,1252904,1252970,861.00,860.00,1721.00,860,861,0.00,0.00,0,0
1446512113,lo,0.00,0.00,0.00,0,0,0.00,0.00,0.00,0,0,0.00,0.00,0,0
1446512113,s1,0.00,0.00,0.00,0,0,0.00,0.00,0.00,0,0,0.00,0.00,0,0
1446512113,eth0,0.00,0.00,0.00,0,0,0.00,0.00,0.00,0,0,0.00,0.00,0,0
1446512113,s2,0.00,0.00,0.00,0,0,0.00,0.00,0.00,0,0,0.00,0.00,0,0
1446512113,eth1,0.00,0.00,0.00,0,0,0.00,0.00,0.00,0,0,0.00,0.00,0,0
1446512113,s2-eth1,0.00,0.00,0.00,0,0,0.00,0.00,0.00,0,0,0.00,0.00,0,0
1446512113,s2-eth2,0.00,0.00,0.00,0,0,0.00,0.00,0.00,0,0,0.00,0.00,0,0
1446512113,s1-eth3,0.00,0.00,0.00,0,0,0.00,0.00,0.00,0,0,0.00,0.00,0,0
1446512113,s1-eth1,1223306.00,27258.00,1250564.00,27258,1223306,413.00,413.00,826.00,413,413,0.00,0.00,0,0
1446512113,s1-eth2,27258.00,1223306.00,1250564.00,1223306,27258,413.00,413.00,826.00,413,413,0.00,0.00,0,0
1446512113,total,1250564.00,1250564.00,2501128.00,1250564,1250564,826.00,826.00,1652.00,826,826,0.00,0.00,0,0
1446512114,lo,1310.69,1310.69,2621.38,1312,1312,11.99,11.99,23.98,12,12,0.00,0.00,0,0
1446512114,s1,0.00,0.00,0.00,0,0,0.00,0.00,0.00,0,0,0.00,0.00,0,0
1446512114,eth0,0.00,0.00,0.00,0,0,0.00,0.00,0.00,0,0,0.00,0.00,0,0
1446512114,s2,0.00,0.00,0.00,0,0,0.00,0.00,0.00,0,0,0.00,0.00,0,0
1446512114,eth1,0.00,0.00,0.00,0,0,0.00,0.00,0.00,0,0,0.00,0.00,0,0
1446512114,s2-eth1,349462.55,6535.46,355998.01,6542,349812,121.88,98.90,220.78,99,122,0.00,0.00,0,0
1446512114,s2-eth2,6535.46,349462.55,355998.01,349812,6542,98.90,121.88,220.78,122,99,0.00,0.00,0,0
1446512114,s1-eth3,6535.46,349462.55,355998.01,349812,6542,98.90,121.88,220.78,122,99,0.00,0.00,0,0
1446512114,s1-eth1,1225404.63,27502.50,1252907.13,27530,1226630,418.58,416.58,835.16,417,419,0.00,0.00,0,0
1446512114,s1-eth2,20967.03,1225042.99,1246010.02,1226268,20988,317.68,413.59,731.27,414,318,0.00,0.00,0,0
1446512114,total,1610215.83,1959316.74,3569532.56,1961276,1611826,1067.93,1184.82,2252.75,1186,1069,0.00,0.00,0,0
1446512115,lo,0.00,0.00,0.00,0,0,0.00,0.00,0.00,0,0,0.00,0.00,0,0
1446512115,s1,0.00,0.00,0.00,0,0,0.00,0.00,0.00,0,0,0.00,0.00,0,0
1446512115,eth0,0.00,0.00,0.00,0,0,0.00,0.00,0.00,0,0,0.00,0.00,0,0
1446512115,s2,0.00,0.00,0.00,0,0,0.00,0.00,0.00,0,0,0.00,0.00,0,0
1446512115,eth1,0.00,0.00,0.00,0,0,0.00,0.00,0.00,0,0,0.00,0.00,0,0
1446512115,s2-eth1,603644.37,13384.62,617028.99,13398,604248,203.80,202.80,406.59,203,204,0.00,0.00,0,0
1446512115,s2-eth2,13384.62,603644.37,617028.99,604248,13398,202.80,203.80,406.59,204,203,0.00,0.00,0,0
1446512115,s1-eth3,13384.62,603644.37,617028.99,604248,13398,202.80,203.80,406.59,204,203,0.00,0.00,0,0
1446512115,s1-eth1,1219272.76,27296.70,1246569.46,27324,1220492,413.59,413.59,827.17,414,414,0.00,0.00,0,0
1446512115,s1-eth2,13912.09,331560.45,345472.54,331892,13926,210.79,113.89,324.68,114,211,0.00,0.00,0,0
1446512115,total,1863598.45,1579530.51,3443128.96,1581110,1865462,1233.77,1137.86,2371.63,1139,1235,0.00,0.00,0,0
1446512116,lo,0.00,0.00,0.00,0,0,0.00,0.00,0.00,0,0,0.00,0.00,0,0
1446512116,s1,0.00,0.00,0.00,0,0,0.00,0.00,0.00,0,0,0.00,0.00,0,0
1446512116,eth0,0.00,0.00,0.00,0,0,0.00,0.00,0.00,0,0,0.00,0.00,0,0
1446512116,s2,0.00,0.00,0.00,0,0,0.00,0.00,0.00,0,0,0.00,0.00,0,0
1446512116,eth1,0.00,0.00,0.00,0,0,0.00,0.00,0.00,0,0,0.00,0.00,0,0
1446512116,s2-eth1,1222083.95,27230.77,1249314.72,27258,1223306,412.59,412.59,825.17,413,413,0.00,0.00,0,0
1446512116,s2-eth2,27230.77,1225042.99,1252273.76,1226268,27258,412.59,413.59,826.17,414,413,0.00,0.00,0,0
1446512116,s1-eth3,27230.77,1222083.95,1249314.72,1223306,27258,412.59,412.59,825.17,413,413,0.00,0.00,0,0
1446512116,s1-eth1,1225042.99,27230.77,1252273.76,27258,1226268,413.59,412.59,826.17,413,414,0.00,0.00,0,0
1446512116,s1-eth2,0.00,0.00,0.00,0,0,0.00,0.00,0.00,0,0,0.00,0.00,0,0
1446512116,total,2501588.48,2501588.48,5003176.96,2504090,2504090,1651.35,1651.35,3302.70,1653,1653,0.00,0.00,0,0
1446512117,lo,0.00,0.00,0.00,0,0,0.00,0.00,0.00,0,0,0.00,0.00,0,0
1446512117,s1,0.00,0.00,0.00,0,0,0.00,0.00,0.00,0,0,0.00,0.00,0,0
1446512117,eth0,0.00,0.00,0.00,0,0,0.00,0.00,0.00,0,0,0.00,0.00,0,0
1446512117,s2,0.00,0.00,0.00,0,0,0.00,0.00,0.00,0,0,0.00,0.00,0,0
1446512117,eth1,0.00,0.00,0.00,0,0,0.00,0.00,0.00,0,0,0.00,0.00,0,0
1446512117,s2-eth1,1223306.00,27324.00,1250630.00,27324,1223306,413.00,414.00,827.00,414,413,0.00,0.00,0,0
1446512117,s2-eth2,27258.00,1223306.00,1250564.00,1223306,27258,413.00,413.00,826.00,413,413,0.00,0.00,0,0
1446512117,s1-eth3,27324.00,1223306.00,1250630.00,1223306,27324,414.00,413.00,827.00,413,414,0.00,0.00,0,0
1446512117,s1-eth1,1223306.00,27258.00,1250564.00,27258,1223306,413.00,413.00,826.00,413,413,0.00,0.00,0,0
1446512117,s1-eth2,0.00,0.00,0.00,0,0,0.00,0.00,0.00,0,0,0.00,0.00,0,0
1446512117,total,2501194.00,2501194.00,5002388.00,2501194,2501194,1653.00,1653.00,3306.00,1653,1653,0.00,0.00,0,0
1446512118,lo,343.66,343.66,687.31,344,344,5.99,5.99,11.99,6,6,0.00,0.00,0,0
1446512118,s1,0.00,0.00,0.00,0,0,0.00,0.00,0.00,0,0,0.00,0.00,0,0
1446512118,eth0,0.00,0.00,0.00,0,0,0.00,0.00,0.00,0,0,0.00,0.00,0,0
1446512118,s2,0.00,0.00,0.00,0,0,0.00,0.00,0.00,0,0,0.00,0.00,0,0
1446512118,eth1,0.00,0.00,0.00,0,0,0.00,0.00,0.00,0,0,0.00,0.00,0,0
1446512118,s2-eth1,1222083.95,27164.84,1249248.79,27192,1223306,412.59,411.59,824.18,412,413,0.00,0.00,0,0
1446512118,s2-eth2,27230.77,1219124.91,1246355.68,1220344,27258,412.59,411.59,824.18,412,413,0.00,0.00,0,0
1446512118,s1-eth3,27164.84,1222083.95,1249248.79,1223306,27192,411.59,412.59,824.18,413,412,0.00,0.00,0,0
1446512118,s1-eth1,1219124.91,27230.77,1246355.68,27258,1220344,411.59,412.59,824.18,413,412,0.00,0.00,0,0
1446512118,s1-eth2,0.00,0.00,0.00,0,0,0.00,0.00,0.00,0,0,0.00,0.00,0,0
1446512118,total,2495948.12,2495948.12,4991896.24,2498444,2498444,1654.35,1654.35,3308.69,1656,1656,0.00,0.00,0,0
1446512119,lo,0.00,0.00,0.00,0,0,0.00,0.00,0.00,0,0,0.00,0.00,0,0
1446512119,s1,0.00,0.00,0.00,0,0,0.00,0.00,0.00,0,0,0.00,0.00,0,0
1446512119,eth0,0.00,0.00,0.00,0,0,0.00,0.00,0.00,0,0,0.00,0.00,0,0
1446512119,s2,0.00,0.00,0.00,0,0,0.00,0.00,0.00,0,0,0.00,0.00,0,0
1446512119,eth1,0.00,0.00,0.00,0,0,0.00,0.00,0.00,0,0,0.00,0.00,0,0
1446512119,s2-eth1,1204329.70,26901.10,1231230.80,26928,1205534,406.59,407.59,814.19,408,407,0.00,0.00,0,0
1446512119,s2-eth2,26835.17,1207288.74,1234123.91,1208496,26862,406.59,407.59,814.19,408,407,0.00,0.00,0,0
1446512119,s1-eth3,26901.10,1204329.70,1231230.80,1205534,26928,407.59,406.59,814.19,407,408,0.00,0.00,0,0
1446512119,s1-eth1,1207288.74,26835.17,1234123.91,26862,1208496,407.59,406.59,814.19,407,408,0.00,0.00,0,0
1446512119,s1-eth2,0.00,0.00,0.00,0,0,0.00,0.00,0.00,0,0,0.00,0.00,0,0
1446512119,total,2465354.71,2465354.71,4930709.42,2467820,2467820,1628.37,1628.37,3256.74,1630,1630,0.00,0.00,0,0
1446512120,lo,0.00,0.00,0.00,0,0,0.00,0.00,0.00,0,0,0.00,0.00,0,0
1446512120,s1,0.00,0.00,0.00,0,0,0.00,0.00,0.00,0,0,0.00,0.00,0,0
1446512120,eth0,0.00,0.00,0.00,0,0,0.00,0.00,0.00,0,0,0.00,0.00,0,0
1446512120,s2,0.00,0.00,0.00,0,0,0.00,0.00,0.00,0,0,0.00,0.00,0,0
1446512120,eth1,0.00,0.00,0.00,0,0,0.00,0.00,0.00,0,0,0.00,0.00,0,0
1446512120,s2-eth1,1222083.95,27230.77,1249314.72,27258,1223306,412.59,412.59,825.17,413,413,0.00,0.00,0,0
1446512120,s2-eth2,27230.77,1222083.95,1249314.72,1223306,27258,412.59,412.59,825.17,413,413,0.00,0.00,0,0
1446512120,s1-eth3,27230.77,1222083.95,1249314.72,1223306,27258,412.59,412.59,825.17,413,413,0.00,0.00,0,0
1446512120,s1-eth1,1222083.95,27230.77,1249314.72,27258,1223306,412.59,412.59,825.17,413,413,0.00,0.00,0,0
1446512120,s1-eth2,0.00,0.00,0.00,0,0,0.00,0.00,0.00,0,0,0.00,0.00,0,0
1446512120,total,2498629.44,2498629.44,4997258.88,2501128,2501128,1650.35,1650.35,3300.70,1652,1652,0.00,0.00,0,0
1446512121,lo,0.00,0.00,0.00,0,0,0.00,0.00,0.00,0,0,0.00,0.00,0,0
1446512121,s1,0.00,0.00,0.00,0,0,0.00,0.00,0.00,0,0,0.00,0.00,0,0
1446512121,eth0,0.00,0.00,0.00,0,0,0.00,0.00,0.00,0,0,0.00,0.00,0,0
1446512121,s2,0.00,0.00,0.00,0,0,0.00,0.00,0.00,0,0,0.00,0.00,0,0
1446512121,eth1,0.00,0.00,0.00,0,0,0.00,0.00,0.00,0,0,0.00,0.00,0,0
1446512121,s2-eth1,1222083.95,27230.77,1249314.72,27258,1223306,412.59,412.59,825.17,413,413,0.00,0.00,0,0
1446512121,s2-eth2,27296.70,1222083.95,1249380.65,1223306,27324,413.59,412.59,826.17,413,414,0.00,0.00,0,0
1446512121,s1-eth3,27230.77,1222083.95,1249314.72,1223306,27258,412.59,412.59,825.17,413,413,0.00,0.00,0,0
1446512121,s1-eth1,1222083.95,27296.70,1249380.65,27324,1223306,412.59,413.59,826.17,414,413,0.00,0.00,0,0
1446512121,s1-eth2,0.00,0.00,0.00,0,0,0.00,0.00,0.00,0,0,0.00,0.00,0,0
1446512121,total,2498695.37,2498695.37,4997390.75,2501194,2501194,1651.35,1651.35,3302.70,1653,1653,0.00,0.00,0,0
1446512122,lo,0.00,0.00,0.00,0,0,0.00,0.00,0.00,0,0,0.00,0.00,0,0
1446512122,s1,0.00,0.00,0.00,0,0,0.00,0.00,0.00,0,0,0.00,0.00,0,0
1446512122,eth0,0.00,0.00,0.00,0,0,0.00,0.00,0.00,0,0,0.00,0.00,0,0
1446512122,s2,0.00,0.00,0.00,0,0,0.00,0.00,0.00,0,0,0.00,0.00,0,0
1446512122,eth1,0.00,0.00,0.00,0,0,0.00,0.00,0.00,0,0,0.00,0.00,0,0
1446512122,s2-eth1,1223306.00,27258.00,1250564.00,27258,1223306,413.00,413.00,826.00,413,413,0.00,0.00,0,0
1446512122,s2-eth2,27164.84,1222083.95,1249248.79,1223306,27192,411.59,412.59,824.18,413,412,0.00,0.00,0,0
1446512122,s1-eth3,27230.77,1222083.95,1249314.72,1223306,27258,412.59,412.59,825.17,413,413,0.00,0.00,0,0
1446512122,s1-eth1,1222083.95,27230.77,1249314.72,27258,1223306,412.59,412.59,825.17,413,413,0.00,0.00,0,0
1446512122,s1-eth2,0.00,0.00,0.00,0,0,0.00,0.00,0.00,0,0,0.00,0.00,0,0
1446512122,total,2498563.50,2498629.44,4997192.94,2501128,2501062,1649.35,1650.35,3299.70,1652,1651,0.00,0.00,0,0
1446512123,lo,343.66,343.66,687.31,344,344,5.99,5.99,11.99,6,6,0.00,0.00,0,0
1446512123,s1,0.00,0.00,0.00,0,0,0.00,0.00,0.00,0,0,0.00,0.00,0,0
1446512123,eth0,0.00,0.00,0.00,0,0,0.00,0.00,0.00,0,0,0.00,0.00,0,0
1446512123,s2,0.00,0.00,0.00,0,0,0.00,0.00,0.00,0,0,0.00,0.00,0,0
1446512123,eth1,0.00,0.00,0.00,0,0,0.00,0.00,0.00,0,0,0.00,0.00,0,0
1446512123,s2-eth1,1225042.99,27230.77,1252273.76,27258,1226268,413.59,412.59,826.17,413,414,0.00,0.00,0,0
1446512123,s2-eth2,27296.70,1225042.99,1252339.69,1226268,27324,413.59,413.59,827.17,414,414,0.00,0.00,0,0
1446512123,s1-eth3,27230.77,1225042.99,1252273.76,1226268,27258,412.59,413.59,826.17,414,413,0.00,0.00,0,0
1446512123,s1-eth1,1225042.99,27230.77,1252273.76,27258,1226268,413.59,412.59,826.17,413,414,0.00,0.00,0,0
1446512123,s1-eth2,0.00,0.00,0.00,0,0,0.00,0.00,0.00,0,0,0.00,0.00,0,0
1446512123,total,2507462.00,2507396.00,5014858.00,2507396,2507462,1661.00,1660.00,3321.00,1660,1661,0.00,0.00,0,0
1446512124,lo,0.00,0.00,0.00,0,0,0.00,0.00,0.00,0,0,0.00,0.00,0,0
1446512124,s1,0.00,0.00,0.00,0,0,0.00,0.00,0.00,0,0,0.00,0.00,0,0
1446512124,eth0,0.00,0.00,0.00,0,0,0.00,0.00,0.00,0,0,0.00,0.00,0,0
1446512124,s2,0.00,0.00,0.00,0,0,0.00,0.00,0.00,0,0,0.00,0.00,0,0
1446512124,eth1,0.00,0.00,0.00,0,0,0.00,0.00,0.00,0,0,0.00,0.00,0,0
1446512124,s2-eth1,1199610.00,26862.00,1226472.00,26862,1199610,405.00,407.00,812.00,407,405,0.00,0.00,0,0
1446512124,s2-eth2,26796.00,1199610.00,1226406.00,1199610,26796,406.00,405.00,811.00,405,406,0.00,0.00,0,0
1446512124,s1-eth3,26862.00,1199610.00,1226472.00,1199610,26862,407.00,405.00,812.00,405,407,0.00,0.00,0,0
1446512124,s1-eth1,1202572.00,26796.00,1229368.00,26796,1202572,406.00,406.00,812.00,406,406,0.00,0.00,0,0
1446512124,s1-eth2,0.00,0.00,0.00,0,0,0.00,0.00,0.00,0,0,0.00,0.00,0,0
1446512124,total,2455840.00,2452878.00,4908718.00,2452878,2455840,1624.00,1623.00,3247.00,1623,1624,0.00,0.00,0,0
1446512125,lo,0.00,0.00,0.00,0,0,0.00,0.00,0.00,0,0,0.00,0.00,0,0
1446512125,s1,0.00,0.00,0.00,0,0,0.00,0.00,0.00,0,0,0.00,0.00,0,0
1446512125,eth0,0.00,0.00,0.00,0,0,0.00,0.00,0.00,0,0,0.00,0.00,0,0
1446512125,s2,0.00,0.00,0.00,0,0,0.00,0.00,0.00,0,0,0.00,0.00,0,0
1446512125,eth1,0.00,0.00,0.00,0,0,0.00,0.00,0.00,0,0,0.00,0.00,0,0
1446512125,s2-eth1,1225426.00,27192.00,1252618.00,27192,1225426,489.00,412.00,901.00,412,489,0.00,0.00,0,0
1446512125,s2-eth2,27258.00,1225426.00,1252684.00,1225426,27258,413.00,489.00,902.00,489,413,0.00,0.00,0,0
1446512125,s1-eth3,27192.00,1225426.00,1252618.00,1225426,27192,412.00,489.00,901.00,489,412,0.00,0.00,0,0
1446512125,s1-eth1,1225426.00,27258.00,1252684.00,27258,1225426,489.00,413.00,902.00,413,489,0.00,0.00,0,0
1446512125,s1-eth2,0.00,0.00,0.00,0,0,0.00,0.00,0.00,0,0,0.00,0.00,0,0
1446512125,total,2505302.00,2505302.00,5010604.00,2505302,2505302,1803.00,1803.00,3606.00,1803,1803,0.00,0.00,0,0
1446512126,lo,0.00,0.00,0.00,0,0,0.00,0.00,0.00,0,0,0.00,0.00,0,0
1446512126,s1,0.00,0.00,0.00,0,0,0.00,0.00,0.00,0,0,0.00,0.00,0,0
1446512126,eth0,0.00,0.00,0.00,0,0,0.00,0.00,0.00,0,0,0.00,0.00,0,0
1446512126,s2,0.00,0.00,0.00,0,0,0.00,0.00,0.00,0,0,0.00,0.00,0,0
1446512126,eth1,0.00,0.00,0.00,0,0,0.00,0.00,0.00,0,0,0.00,0.00,0,0
1446512126,s2-eth1,1217382.00,27192.00,1244574.00,27192,1217382,411.00,412.00,823.00,412,411,0.00,0.00,0,0
1446512126,s2-eth2,27126.00,1217382.00,1244508.00,1217382,27126,411.00,411.00,822.00,411,411,0.00,0.00,0,0
1446512126,s1-eth3,27192.00,1217382.00,1244574.00,1217382,27192,412.00,411.00,823.00,411,412,0.00,0.00,0,0
1446512126,s1-eth1,1217382.00,27126.00,1244508.00,27126,1217382,411.00,411.00,822.00,411,411,0.00,0.00,0,0
1446512126,s1-eth2,0.00,0.00,0.00,0,0,0.00,0.00,0.00,0,0,0.00,0.00,0,0
1446512126,total,2489082.00,2489082.00,4978164.00,2489082,2489082,1645.00,1645.00,3290.00,1645,1645,0.00,0.00,0,0
1446512127,lo,0.00,0.00,0.00,0,0,0.00,0.00,0.00,0,0,0.00,0.00,0,0
1446512127,s1,0.00,0.00,0.00,0,0,0.00,0.00,0.00,0,0,0.00,0.00,0,0
1446512127,eth0,0.00,0.00,0.00,0,0,0.00,0.00,0.00,0,0,0.00,0.00,0,0
1446512127,s2,0.00,0.00,0.00,0,0,0.00,0.00,0.00,0,0,0.00,0.00,0,0
1446512127,eth1,0.00,0.00,0.00,0,0,0.00,0.00,0.00,0,0,0.00,0.00,0,0
1446512127,s2-eth1,1223306.00,27258.00,1250564.00,27258,1223306,413.00,413.00,826.00,413,413,0.00,0.00,0,0
1446512127,s2-eth2,27258.00,1223306.00,1250564.00,1223306,27258,413.00,413.00,826.00,413,413,0.00,0.00,0,0
1446512127,s1-eth3,27258.00,1223306.00,1250564.00,1223306,27258,413.00,413.00,826.00,413,413,0.00,0.00,0,0
1446512127,s1-eth1,1223306.00,27258.00,1250564.00,27258,1223306,413.00,413.00,826.00,413,413,0.00,0.00,0,0
1446512127,s1-eth2,0.00,0.00,0.00,0,0,0.00,0.00,0.00,0,0,0.00,0.00,0,0
1446512127,total,2501128.00,2501128.00,5002256.00,2501128,2501128,1652.00,1652.00,3304.00,1652,1652,0.00,0.00,0,0
1446512128,lo,344.00,344.00,688.00,344,344,6.00,6.00,12.00,6,6,0.00,0.00,0,0
1446512128,s1,0.00,0.00,0.00,0,0,0.00,0.00,0.00,0,0,0.00,0.00,0,0
1446512128,eth0,0.00,0.00,0.00,0,0,0.00,0.00,0.00,0,0,0.00,0.00,0,0
1446512128,s2,0.00,0.00,0.00,0,0,0.00,0.00,0.00,0,0,0.00,0.00,0,0
1446512128,eth1,0.00,0.00,0.00,0,0,0.00,0.00,0.00,0,0,0.00,0.00,0,0
1446512128,s2-eth1,1223306.00,27258.00,1250564.00,27258,1223306,413.00,413.00,826.00,413,413,0.00,0.00,0,0
1446512128,s2-eth2,27258.00,1223306.00,1250564.00,1223306,27258,413.00,413.00,826.00,413,413,0.00,0.00,0,0
1446512128,s1-eth3,27258.00,1223306.00,1250564.00,1223306,27258,413.00,413.00,826.00,413,413,0.00,0.00,0,0
1446512128,s1-eth1,1223306.00,27258.00,1250564.00,27258,1223306,413.00,413.00,826.00,413,413,0.00,0.00,0,0
1446512128,s1-eth2,0.00,0.00,0.00,0,0,0.00,0.00,0.00,0,0,0.00,0.00,0,0
1446512128,total,2501472.00,2501472.00,5002944.00,2501472,2501472,1658.00,1658.00,3316.00,1658,1658,0.00,0.00,0,0
1446512129,lo,0.00,0.00,0.00,0,0,0.00,0.00,0.00,0,0,0.00,0.00,0,0
1446512129,s1,0.00,0.00,0.00,0,0,0.00,0.00,0.00,0,0,0.00,0.00,0,0
1446512129,eth0,0.00,0.00,0.00,0,0,0.00,0.00,0.00,0,0,0.00,0.00,0,0
1446512129,s2,0.00,0.00,0.00,0,0,0.00,0.00,0.00,0,0,0.00,0.00,0,0
1446512129,eth1,0.00,0.00,0.00,0,0,0.00,0.00,0.00,0,0,0.00,0.00,0,0
1446512129,s2-eth1,1223306.00,27258.00,1250564.00,27258,1223306,413.00,413.00,826.00,413,413,0.00,0.00,0,0
1446512129,s2-eth2,27258.00,1223306.00,1250564.00,1223306,27258,413.00,413.00,826.00,413,413,0.00,0.00,0,0
1446512129,s1-eth3,27258.00,1223306.00,1250564.00,1223306,27258,413.00,413.00,826.00,413,413,0.00,0.00,0,0
1446512129,s1-eth1,1223306.00,27258.00,1250564.00,27258,1223306,413.00,413.00,826.00,413,413,0.00,0.00,0,0
1446512129,s1-eth2,0.00,0.00,0.00,0,0,0.00,0.00,0.00,0,0,0.00,0.00,0,0
1446512129,total,2498629.44,2498629.44,4997258.88,2501128,2501128,1650.35,1650.35,3300.70,1652,1652,0.00,0.00,0,0
1446512130,lo,0.00,0.00,0.00,0,0,0.00,0.00,0.00,0,0,0.00,0.00,0,0
1446512130,s1,0.00,0.00,0.00,0,0,0.00,0.00,0.00,0,0,0.00,0.00,0,0
1446512130,eth0,0.00,0.00,0.00,0,0,0.00,0.00,0.00,0,0,0.00,0.00,0,0
1446512130,s2,0.00,0.00,0.00,0,0,0.00,0.00,0.00,0,0,0.00,0.00,0,0
1446512130,eth1,0.00,0.00,0.00,0,0,0.00,0.00,0.00,0,0,0.00,0.00,0,0
1446512130,s2-eth1,1219124.91,27164.84,1246289.74,27192,1220344,411.59,411.59,823.18,412,412,0.00,0.00,0,0
1446512130,s2-eth2,27230.77,1219124.91,1246355.68,1220344,27258,412.59,411.59,824.18,412,413,0.00,0.00,0,0
1446512130,s1-eth3,27164.84,1219124.91,1246289.74,1220344,27192,411.59,411.59,823.18,412,412,0.00,0.00,0,0
1446512130,s1-eth1,1219124.91,27230.77,1246355.68,27258,1220344,411.59,412.59,824.18,413,412,0.00,0.00,0,0
1446512130,s1-eth2,0.00,0.00,0.00,0,0,0.00,0.00,0.00,0,0,0.00,0.00,0,0
1446512130,total,2492645.42,2492645.42,4985290.84,2495138,2495138,1647.35,1647.35,3294.71,1649,1649,0.00,0.00,0,0
1446512131,lo,0.00,0.00,0.00,0,0,0.00,0.00,0.00,0,0,0.00,0.00,0,0
1446512131,s1,0.00,0.00,0.00,0,0,0.00,0.00,0.00,0,0,0.00,0.00,0,0
1446512131,eth0,0.00,0.00,0.00,0,0,0.00,0.00,0.00,0,0,0.00,0.00,0,0
1446512131,s2,0.00,0.00,0.00,0,0,0.00,0.00,0.00,0,0,0.00,0.00,0,0
1446512131,eth1,0.00,0.00,0.00,0,0,0.00,0.00,0.00,0,0,0.00,0.00,0,0
1446512131,s2-eth1,1223306.00,27258.00,1250564.00,27258,1223306,413.00,413.00,826.00,413,413,0.00,0.00,0,0
1446512131,s2-eth2,27258.00,1223306.00,1250564.00,1223306,27258,413.00,413.00,826.00,413,413,0.00,0.00,0,0
1446512131,s1-eth3,27258.00,1223306.00,1250564.00,1223306,27258,413.00,413.00,826.00,413,413,0.00,0.00,0,0
1446512131,s1-eth1,1223306.00,27258.00,1250564.00,27258,1223306,413.00,413.00,826.00,413,413,0.00,0.00,0,0
1446512131,s1-eth2,0.00,0.00,0.00,0,0,0.00,0.00,0.00,0,0,0.00,0.00,0,0
1446512131,total,2501128.00,2501128.00,5002256.00,2501128,2501128,1652.00,1652.00,3304.00,1652,1652,0.00,0.00,0,0
1446512132,lo,0.00,0.00,0.00,0,0,0.00,0.00,0.00,0,0,0.00,0.00,0,0
1446512132,s1,0.00,0.00,0.00,0,0,0.00,0.00,0.00,0,0,0.00,0.00,0,0
1446512132,eth0,0.00,0.00,0.00,0,0,0.00,0.00,0.00,0,0,0.00,0.00,0,0
1446512132,s2,0.00,0.00,0.00,0,0,0.00,0.00,0.00,0,0,0.00,0.00,0,0
1446512132,eth1,0.00,0.00,0.00,0,0,0.00,0.00,0.00,0,0,0.00,0.00,0,0
1446512132,s2-eth1,1228388.00,27258.00,1255646.00,27258,1228388,490.00,413.00,903.00,413,490,0.00,0.00,0,0
1446512132,s2-eth2,27258.00,1228388.00,1255646.00,1228388,27258,413.00,490.00,903.00,490,413,0.00,0.00,0,0
1446512132,s1-eth3,27258.00,1228388.00,1255646.00,1228388,27258,413.00,490.00,903.00,490,413,0.00,0.00,0,0
1446512132,s1-eth1,1228388.00,27258.00,1255646.00,27258,1228388,490.00,413.00,903.00,413,490,0.00,0.00,0,0
1446512132,s1-eth2,0.00,0.00,0.00,0,0,0.00,0.00,0.00,0,0,0.00,0.00,0,0
1446512132,total,2511292.00,2511292.00,5022584.00,2511292,2511292,1806.00,1806.00,3612.00,1806,1806,0.00,0.00,0,0
1446512133,lo,344.00,344.00,688.00,344,344,6.00,6.00,12.00,6,6,0.00,0.00,0,0
1446512133,s1,0.00,0.00,0.00,0,0,0.00,0.00,0.00,0,0,0.00,0.00,0,0
1446512133,eth0,0.00,0.00,0.00,0,0,0.00,0.00,0.00,0,0,0.00,0.00,0,0
1446512133,s2,0.00,0.00,0.00,0,0,0.00,0.00,0.00,0,0,0.00,0.00,0,0
1446512133,eth1,0.00,0.00,0.00,0,0,0.00,0.00,0.00,0,0,0.00,0.00,0,0
1446512133,s2-eth1,1205534.00,26862.00,1232396.00,26862,1205534,407.00,407.00,814.00,407,407,0.00,0.00,0,0
1446512133,s2-eth2,26862.00,1205534.00,1232396.00,1205534,26862,407.00,407.00,814.00,407,407,0.00,0.00,0,0
1446512133,s1-eth3,26862.00,1205534.00,1232396.00,1205534,26862,407.00,407.00,814.00,407,407,0.00,0.00,0,0
1446512133,s1-eth1,1205534.00,26862.00,1232396.00,26862,1205534,407.00,407.00,814.00,407,407,0.00,0.00,0,0
1446512133,s1-eth2,0.00,0.00,0.00,0,0,0.00,0.00,0.00,0,0,0.00,0.00,0,0
1446512133,total,2465136.00,2465136.00,4930272.00,2465136,2465136,1634.00,1634.00,3268.00,1634,1634,0.00,0.00,0,0
1446512134,lo,0.00,0.00,0.00,0,0,0.00,0.00,0.00,0,0,0.00,0.00,0,0
1446512134,s1,0.00,0.00,0.00,0,0,0.00,0.00,0.00,0,0,0.00,0.00,0,0
1446512134,eth0,0.00,0.00,0.00,0,0,0.00,0.00,0.00,0,0,0.00,0.00,0,0
1446512134,s2,0.00,0.00,0.00,0,0,0.00,0.00,0.00,0,0,0.00,0.00,0,0
1446512134,eth1,0.00,0.00,0.00,0,0,0.00,0.00,0.00,0,0,0.00,0.00,0,0
1446512134,s2-eth1,1223306.00,27258.00,1250564.00,27258,1223306,413.00,413.00,826.00,413,413,0.00,0.00,0,0
1446512134,s2-eth2,27258.00,1223306.00,1250564.00,1223306,27258,413.00,413.00,826.00,413,413,0.00,0.00,0,0
1446512134,s1-eth3,27258.00,1223306.00,1250564.00,1223306,27258,413.00,413.00,826.00,413,413,0.00,0.00,0,0
1446512134,s1-eth1,1223306.00,27258.00,1250564.00,27258,1223306,413.00,413.00,826.00,413,413,0.00,0.00,0,0
1446512134,s1-eth2,0.00,0.00,0.00,0,0,0.00,0.00,0.00,0,0,0.00,0.00,0,0
1446512134,total,2501128.00,2501128.00,5002256.00,2501128,2501128,1652.00,1652.00,3304.00,1652,1652,0.00,0.00,0,0
1446512135,lo,0.00,0.00,0.00,0,0,0.00,0.00,0.00,0,0,0.00,0.00,0,0
1446512135,s1,0.00,0.00,0.00,0,0,0.00,0.00,0.00,0,0,0.00,0.00,0,0
1446512135,eth0,0.00,0.00,0.00,0,0,0.00,0.00,0.00,0,0,0.00,0.00,0,0
1446512135,s2,0.00,0.00,0.00,0,0,0.00,0.00,0.00,0,0,0.00,0.00,0,0
1446512135,eth1,0.00,0.00,0.00,0,0,0.00,0.00,0.00,0,0,0.00,0.00,0,0
1446512135,s2-eth1,1223306.00,27258.00,1250564.00,27258,1223306,413.00,413.00,826.00,413,413,0.00,0.00,0,0
1446512135,s2-eth2,27258.00,1223306.00,1250564.00,1223306,27258,413.00,413.00,826.00,413,413,0.00,0.00,0,0
1446512135,s1-eth3,27258.00,1223306.00,1250564.00,1223306,27258,413.00,413.00,826.00,413,413,0.00,0.00,0,0
1446512135,s1-eth1,1223306.00,27258.00,1250564.00,27258,1223306,413.00,413.00,826.00,413,413,0.00,0.00,0,0
1446512135,s1-eth2,0.00,0.00,0.00,0,0,0.00,0.00,0.00,0,0,0.00,0.00,0,0
1446512135,total,2501128.00,2501128.00,5002256.00,2501128,2501128,1652.00,1652.00,3304.00,1652,1652,0.00,0.00,0,0
1446512136,lo,0.00,0.00,0.00,0,0,0.00,0.00,0.00,0,0,0.00,0.00,0,0
1446512136,s1,0.00,0.00,0.00,0,0,0.00,0.00,0.00,0,0,0.00,0.00,0,0
1446512136,eth0,0.00,0.00,0.00,0,0,0.00,0.00,0.00,0,0,0.00,0.00,0,0
1446512136,s2,0.00,0.00,0.00,0,0,0.00,0.00,0.00,0,0,0.00,0.00,0,0
1446512136,eth1,0.00,0.00,0.00,0,0,0.00,0.00,0.00,0,0,0.00,0.00,0,0
1446512136,s2-eth1,1226268.00,27258.00,1253526.00,27258,1226268,414.00,413.00,827.00,413,414,0.00,0.00,0,0
1446512136,s2-eth2,27258.00,1226268.00,1253526.00,1226268,27258,413.00,414.00,827.00,414,413,0.00,0.00,0,0
1446512136,s1-eth3,27258.00,1226268.00,1253526.00,1226268,27258,413.00,414.00,827.00,414,413,0.00,0.00,0,0
1446512136,s1-eth1,1226268.00,27258.00,1253526.00,27258,1226268,414.00,413.00,827.00,413,414,0.00,0.00,0,0
1446512136,s1-eth2,0.00,0.00,0.00,0,0,0.00,0.00,0.00,0,0,0.00,0.00,0,0
1446512136,total,2507052.00,2507052.00,5014104.00,2507052,2507052,1654.00,1654.00,3308.00,1654,1654,0.00,0.00,0,0
1446512137,lo,0.00,0.00,0.00,0,0,0.00,0.00,0.00,0,0,0.00,0.00,0,0
1446512137,s1,0.00,0.00,0.00,0,0,0.00,0.00,0.00,0,0,0.00,0.00,0,0
1446512137,eth0,0.00,0.00,0.00,0,0,0.00,0.00,0.00,0,0,0.00,0.00,0,0
1446512137,s2,0.00,0.00,0.00,0,0,0.00,0.00,0.00,0,0,0.00,0.00,0,0
1446512137,eth1,0.00,0.00,0.00,0,0,0.00,0.00,0.00,0,0,0.00,0.00,0,0
1446512137,s2-eth1,1223306.00,27324.00,1250630.00,27324,1223306,413.00,414.00,827.00,414,413,0.00,0.00,0,0
1446512137,s2-eth2,27258.00,1223306.00,1250564.00,1223306,27258,413.00,413.00,826.00,413,413,0.00,0.00,0,0
1446512137,s1-eth3,27324.00,1223306.00,1250630.00,1223306,27324,414.00,413.00,827.00,413,414,0.00,0.00,0,0
1446512137,s1-eth1,1223306.00,27258.00,1250564.00,27258,1223306,413.00,413.00,826.00,413,413,0.00,0.00,0,0
1446512137,s1-eth2,0.00,0.00,0.00,0,0,0.00,0.00,0.00,0,0,0.00,0.00,0,0
1446512137,total,2501194.00,2501194.00,5002388.00,2501194,2501194,1653.00,1653.00,3306.00,1653,1653,0.00,0.00,0,0
1446512138,lo,344.00,344.00,688.00,344,344,6.00,6.00,12.00,6,6,0.00,0.00,0,0
1446512138,s1,0.00,0.00,0.00,0,0,0.00,0.00,0.00,0,0,0.00,0.00,0,0
1446512138,eth0,0.00,0.00,0.00,0,0,0.00,0.00,0.00,0,0,0.00,0.00,0,0
1446512138,s2,0.00,0.00,0.00,0,0,0.00,0.00,0.00,0,0,0.00,0.00,0,0
1446512138,eth1,0.00,0.00,0.00,0,0,0.00,0.00,0.00,0,0,0.00,0.00,0,0
1446512138,s2-eth1,1220344.00,27192.00,1247536.00,27192,1220344,412.00,412.00,824.00,412,412,0.00,0.00,0,0
1446512138,s2-eth2,27258.00,1220344.00,1247602.00,1220344,27258,413.00,412.00,825.00,412,413,0.00,0.00,0,0
1446512138,s1-eth3,27192.00,1220344.00,1247536.00,1220344,27192,412.00,412.00,824.00,412,412,0.00,0.00,0,0
1446512138,s1-eth1,1220344.00,27258.00,1247602.00,27258,1220344,412.00,413.00,825.00,413,412,0.00,0.00,0,0
1446512138,s1-eth2,0.00,0.00,0.00,0,0,0.00,0.00,0.00,0,0,0.00,0.00,0,0
1446512138,total,2495482.00,2495482.00,4990964.00,2495482,2495482,1655.00,1655.00,3310.00,1655,1655,0.00,0.00,0,0
1446512139,lo,0.00,0.00,0.00,0,0,0.00,0.00,0.00,0,0,0.00,0.00,0,0
1446512139,s1,0.00,0.00,0.00,0,0,0.00,0.00,0.00,0,0,0.00,0.00,0,0
1446512139,eth0,0.00,0.00,0.00,0,0,0.00,0.00,0.00,0,0,0.00,0.00,0,0
1446512139,s2,0.00,0.00,0.00,0,0,0.00,0.00,0.00,0,0,0.00,0.00,0,0
1446512139,eth1,0.00,0.00,0.00,0,0,0.00,0.00,0.00,0,0,0.00,0.00,0,0
1446512139,s2-eth1,1228388.00,27258.00,1255646.00,27258,1228388,490.00,413.00,903.00,413,490,0.00,0.00,0,0
1446512139,s2-eth2,27258.00,1228388.00,1255646.00,1228388,27258,413.00,490.00,903.00,490,413,0.00,0.00,0,0
1446512139,s1-eth3,27258.00,1228388.00,1255646.00,1228388,27258,413.00,490.00,903.00,490,413,0.00,0.00,0,0
1446512139,s1-eth1,1228388.00,27258.00,1255646.00,27258,1228388,490.00,413.00,903.00,413,490,0.00,0.00,0,0
1446512139,s1-eth2,0.00,0.00,0.00,0,0,0.00,0.00,0.00,0,0,0.00,0.00,0,0
1446512139,total,2511292.00,2511292.00,5022584.00,2511292,2511292,1806.00,1806.00,3612.00,1806,1806,0.00,0.00,0,0
1446512140,lo,0.00,0.00,0.00,0,0,0.00,0.00,0.00,0,0,0.00,0.00,0,0
1446512140,s1,0.00,0.00,0.00,0,0,0.00,0.00,0.00,0,0,0.00,0.00,0,0
1446512140,eth0,0.00,0.00,0.00,0,0,0.00,0.00,0.00,0,0,0.00,0.00,0,0
1446512140,s2,0.00,0.00,0.00,0,0,0.00,0.00,0.00,0,0,0.00,0.00,0,0
1446512140,eth1,0.00,0.00,0.00,0,0,0.00,0.00,0.00,0,0,0.00,0.00,0,0
1446512140,s2-eth1,1223306.00,27258.00,1250564.00,27258,1223306,413.00,413.00,826.00,413,413,0.00,0.00,0,0
1446512140,s2-eth2,27258.00,1223306.00,1250564.00,1223306,27258,413.00,413.00,826.00,413,413,0.00,0.00,0,0
1446512140,s1-eth3,27230.77,1222083.95,1249314.72,1223306,27258,412.59,412.59,825.17,413,413,0.00,0.00,0,0
1446512140,s1-eth1,1222083.95,27230.77,1249314.72,27258,1223306,412.59,412.59,825.17,413,413,0.00,0.00,0,0
1446512140,s1-eth2,0.00,0.00,0.00,0,0,0.00,0.00,0.00,0,0,0.00,0.00,0,0
1446512140,total,2501128.00,2501128.00,5002256.00,2501128,2501128,1652.00,1652.00,3304.00,1652,1652,0.00,0.00,0,0
1446512141,lo,0.00,0.00,0.00,0,0,0.00,0.00,0.00,0,0,0.00,0.00,0,0
1446512141,s1,0.00,0.00,0.00,0,0,0.00,0.00,0.00,0,0,0.00,0.00,0,0
1446512141,eth0,0.00,0.00,0.00,0,0,0.00,0.00,0.00,0,0,0.00,0.00,0,0
1446512141,s2,0.00,0.00,0.00,0,0,0.00,0.00,0.00,0,0,0.00,0.00,0,0
1446512141,eth1,0.00,0.00,0.00,0,0,0.00,0.00,0.00,0,0,0.00,0.00,0,0
1446512141,s2-eth1,1225042.99,27296.70,1252339.69,27324,1226268,413.59,413.59,827.17,414,414,0.00,0.00,0,0
1446512141,s2-eth2,27230.77,1225042.99,1252273.76,1226268,27258,412.59,413.59,826.17,414,413,0.00,0.00,0,0
1446512141,s1-eth3,27296.70,1225042.99,1252339.69,1226268,27324,413.59,413.59,827.17,414,414,0.00,0.00,0,0
1446512141,s1-eth1,1225042.99,27230.77,1252273.76,27258,1226268,413.59,412.59,826.17,413,414,0.00,0.00,0,0
1446512141,s1-eth2,0.00,0.00,0.00,0,0,0.00,0.00,0.00,0,0,0.00,0.00,0,0
1446512141,total,2502113.84,2502113.84,5004227.68,2507118,2507118,1651.70,1651.70,3303.39,1655,1655,0.00,0.00,0,0
1446512142,lo,0.00,0.00,0.00,0,0,0.00,0.00,0.00,0,0,0.00,0.00,0,0
1446512142,s1,0.00,0.00,0.00,0,0,0.00,0.00,0.00,0,0,0.00,0.00,0,0
1446512142,eth0,0.00,0.00,0.00,0,0,0.00,0.00,0.00,0,0,0.00,0.00,0,0
1446512142,s2,0.00,0.00,0.00,0,0,0.00,0.00,0.00,0,0,0.00,0.00,0,0
1446512142,eth1,0.00,0.00