1446470077,lo,0.00,0.00,0.00,0,0,0.00,0.00,0.00,0,0,0.00,0.00,0,0
1446470077,s1,0.00,0.00,0.00,0,0,0.00,0.00,0.00,0,0,0.00,0.00,0,0
1446470077,eth0,0.00,0.00,0.00,0,0,0.00,0.00,0.00,0,0,0.00,0.00,0,0
1446470077,s2,0.00,0.00,0.00,0,0,0.00,0.00,0.00,0,0,0.00,0.00,0,0
1446470077,eth1,0.00,0.00,0.00,0,0,0.00,0.00,0.00,0,0,0.00,0.00,0,0
1446470077,s2-eth1,0.00,0.00,0.00,0,0,0.00,0.00,0.00,0,0,0.00,0.00,0,0
1446470077,s2-eth2,0.00,0.00,0.00,0,0,0.00,0.00,0.00,0,0,0.00,0.00,0,0
1446470077,s1-eth3,0.00,0.00,0.00,0,0,0.00,0.00,0.00,0,0,0.00,0.00,0,0
1446470077,s1-eth1,0.00,0.00,0.00,0,0,0.00,0.00,0.00,0,0,0.00,0.00,0,0
1446470077,s1-eth2,0.00,0.00,0.00,0,0,0.00,0.00,0.00,0,0,0.00,0.00,0,0
1446470077,total,0.00,0.00,0.00,0,0,0.00,0.00,0.00,0,0,0.00,0.00,0,0
1446470078,lo,1686.31,1686.31,3372.63,1688,1688,17.98,17.98,35.96,18,18,0.00,0.00,0,0
1446470078,s1,0.00,249.75,249.75,250,0,0.00,3.00,3.00,3,0,0.00,0.00,0,0
1446470078,eth0,0.00,0.00,0.00,0,0,0.00,0.00,0.00,0,0,0.00,0.00,0,0
1446470078,s2,0.00,249.75,249.75,250,0,0.00,3.00,3.00,3,0,0.00,0.00,0,0
1446470078,eth1,0.00,59.94,59.94,60,0,0.00,1.00,1.00,1,0,0.00,0.00,0,0
1446470078,s2-eth1,0.00,249.75,249.75,250,0,0.00,3.00,3.00,3,0,0.00,0.00,0,0
1446470078,s2-eth2,249.75,0.00,249.75,0,250,3.00,0.00,3.00,0,3,0.00,0.00,0,0
1446470078,s1-eth3,249.75,0.00,249.75,0,250,3.00,0.00,3.00,0,3,0.00,0.00,0,0
1446470078,s1-eth1,1222083.95,27414.59,1249498.54,27442,1223306,412.59,414.59,827.17,415,413,0.00,0.00,0,0
1446470078,s1-eth2,27480.52,1222083.95,1249564.47,1223306,27508,415.58,412.59,828.17,413,416,0.00,0.00,0,0
1446470078,total,1251750.28,1251994.04,2503744.32,1253246,1253002,852.15,855.14,1707.29,856,853,0.00,0.00,0,0
1446470079,lo,0.00,0.00,0.00,0,0,0.00,0.00,0.00,0,0,0.00,0.00,0,0
1446470079,s1,0.00,0.00,0.00,0,0,0.00,0.00,0.00,0,0,0.00,0.00,0,0
1446470079,eth0,0.00,0.00,0.00,0,0,0.00,0.00,0.00,0,0,0.00,0.00,0,0
1446470079,s2,0.00,0.00,0.00,0,0,0.00,0.00,0.00,0,0,0.00,0.00,0,0
1446470079,eth1,0.00,60.00,60.00,60,0,0.00,1.00,1.00,1,0,0.00,0.00,0,0
1446470079,s2-eth1,0.00,0.00,0.00,0,0,0.00,0.00,0.00,0,0,0.00,0.00,0,0
1446470079,s2-eth2,0.00,0.00,0.00,0,0,0.00,0.00,0.00,0,0,0.00,0.00,0,0
1446470079,s1-eth3,0.00,0.00,0.00,0,0,0.00,0.00,0.00,0,0,0.00,0.00,0,0
1446470079,s1-eth1,1208562.00,26994.00,1235556.00,26994,1208562,409.00,409.00,818.00,409,409,0.00,0.00,0,0
1446470079,s1-eth2,26928.00,1208562.00,1235490.00,1208562,26928,408.00,409.00,817.00,409,408,0.00,0.00,0,0
1446470079,total,1235490.00,1235616.00,2471106.00,1235616,1235490,817.00,819.00,1636.00,819,817,0.00,0.00,0,0
1446470080,lo,0.00,0.00,0.00,0,0,0.00,0.00,0.00,0,0,0.00,0.00,0,0
1446470080,s1,0.00,0.00,0.00,0,0,0.00,0.00,0.00,0,0,0.00,0.00,0,0
1446470080,eth0,0.00,0.00,0.00,0,0,0.00,0.00,0.00,0,0,0.00,0.00,0,0
1446470080,s2,0.00,0.00,0.00,0,0,0.00,0.00,0.00,0,0,0.00,0.00,0,0
1446470080,eth1,0.00,59.94,59.94,60,0,0.00,1.00,1.00,1,0,0.00,0.00,0,0
1446470080,s2-eth1,0.00,0.00,0.00,0,0,0.00,0.00,0.00,0,0,0.00,0.00,0,0
1446470080,s2-eth2,0.00,0.00,0.00,0,0,0.00,0.00,0.00,0,0,0.00,0.00,0,0
1446470080,s1-eth3,0.00,0.00,0.00,0,0,0.00,0.00,0.00,0,0,0.00,0.00,0,0
1446470080,s1-eth1,1225042.99,27230.77,1252273.76,27258,1226268,413.59,412.59,826.17,413,414,0.00,0.00,0,0
1446470080,s1-eth2,27296.70,1225042.99,1252339.69,1226268,27324,413.59,413.59,827.17,414,414,0.00,0.00,0,0
1446470080,total,1252339.69,1252333.70,2504673.39,1253586,1253592,827.17,827.17,1654.35,828,828,0.00,0.00,0,0
1446470081,lo,2741.26,2741.26,5482.52,2744,2744,27.97,27.97,55.94,28,28,0.00,0.00,0,0
1446470081,s1,0.00,139.86,139.86,140,0,0.00,2.00,2.00,2,0,0.00,0.00,0,0
1446470081,eth0,0.00,0.00,0.00,0,0,0.00,0.00,0.00,0,0,0.00,0.00,0,0
1446470081,s2,0.00,139.86,139.86,140,0,0.00,2.00,2.00,2,0,0.00,0.00,0,0
1446470081,eth1,0.00,59.94,59.94,60,0,0.00,1.00,1.00,1,0,0.00,0.00,0,0
1446470081,s2-eth1,153.85,111.89,265.73,112,154,3.00,2.00,5.00,2,3,0.00,0.00,0,0
1446470081,s2-eth2,111.89,153.85,265.73,154,112,2.00,3.00,5.00,3,2,0.00,0.00,0,0
1446470081,s1-eth3,111.89,153.85,265.73,154,112,2.00,3.00,5.00,3,2,0.00,0.00,0,0
1446470081,s1-eth1,1174987.04,26283.72,1201270.76,26310,1176162,400.60,398.60,799.20,399,401,0.00,0.00,0,0
1446470081,s1-eth2,26287.71,1174875.16,1201162.87,1176050,26314,398.60,398.60,797.20,399,399,0.00,0.00,0,0
1446470081,total,1204393.64,1204659.37,2409053.01,1205864,1205598,834.17,838.16,1672.33,839,835,0.00,0.00,0,0
1446470082,lo,1128.00,1128.00,2256.00,1128,1128,12.00,12.00,24.00,12,12,0.00,0.00,0,0
1446470082,s1,0.00,70.00,70.00,70,0,0.00,1.00,1.00,1,0,0.00,0.00,0,0
1446470082,eth0,0.00,0.00,0.00,0,0,0.00,0.00,0.00,0,0,0.00,0.00,0,0
1446470082,s2,0.00,70.00,70.00,70,0,0.00,1.00,1.00,1,0,0.00,0.00,0,0
1446470082,eth1,0.00,60.00,60.00,60,0,0.00,1.00,1.00,1,0,0.00,0.00,0,0
1446470082,s2-eth1,0.00,112.00,112.00,112,0,0.00,2.00,2.00,2,0,0.00,0.00,0,0
1446470082,s2-eth2,112.00,0.00,112.00,0,112,2.00,0.00,2.00,0,2,0.00,0.00,0,0
1446470082,s1-eth3,112.00,0.00,112.00,0,112,2.00,0.00,2.00,0,2,0.00,0.00,0,0
1446470082,s1-eth1,1223306.00,27328.00,1250634.00,27328,1223306,413.00,414.00,827.00,414,413,0.00,0.00,0,0
1446470082,s1-eth2,27328.00,1223348.00,1250676.00,1223348,27328,414.00,414.00,828.00,414,414,0.00,0.00,0,0
1446470082,total,1251986.00,1252116.00,2504102.00,1252116,1251986,843.00,845.00,1688.00,845,843,0.00,0.00,0,0
1446470083,lo,0.00,0.00,0.00,0,0,0.00,0.00,0.00,0,0,0.00,0.00,0,0
1446470083,s1,0.00,0.00,0.00,0,0,0.00,0.00,0.00,0,0,0.00,0.00,0,0
1446470083,eth0,0.00,0.00,0.00,0,0,0.00,0.00,0.00,0,0,0.00,0.00,0,0
1446470083,s2,0.00,0.00,0.00,0,0,0.00,0.00,0.00,0,0,0.00,0.00,0,0
1446470083,eth1,0.00,60.00,60.00,60,0,0.00,1.00,1.00,1,0,0.00,0.00,0,0
1446470083,s2-eth1,0.00,0.00,0.00,0,0,0.00,0.00,0.00,0,0,0.00,0.00,0,0
1446470083,s2-eth2,0.00,0.00,0.00,0,0,0.00,0.00,0.00,0,0,0.00,0.00,0,0
1446470083,s1-eth3,0.00,0.00,0.00,0,0,0.00,0.00,0.00,0,0,0.00,0.00,0,0
1446470083,s1-eth1,1223306.00,27258.00,1250564.00,27258,1223306,413.00,413.00,826.00,413,413,0.00,0.00,0,0
1446470083,s1-eth2,27258.00,1223306.00,1250564.00,1223306,27258,413.00,413.00,826.00,413,413,0.00,0.00,0,0
1446470083,total,1250564.00,1250624.00,2501188.00,1250624,1250564,826.00,827.00,1653.00,827,826,0.00,0.00,0,0
1446470084,lo,0.00,0.00,0.00,0,0,0.00,0.00,0.00,0,0,0.00,0.00,0,0
1446470084,s1,0.00,0.00,0.00,0,0,0.00,0.00,0.00,0,0,0.00,0.00,0,0
1446470084,eth0,0.00,0.00,0.00,0,0,0.00,0.00,0.00,0,0,0.00,0.00,0,0
1446470084,s2,0.00,0.00,0.00,0,0,0.00,0.00,0.00,0,0,0.00,0.00,0,0
1446470084,eth1,0.00,59.94,59.94,60,0,0.00,1.00,1.00,1,0,0.00,0.00,0,0
1446470084,s2-eth1,0.00,0.00,0.00,0,0,0.00,0.00,0.00,0,0,0.00,0.00,0,0
1446470084,s2-eth2,0.00,0.00,0.00,0,0,0.00,0.00,0.00,0,0,0.00,0.00,0,0
1446470084,s1-eth3,0.00,0.00,0.00,0,0,0.00,0.00,0.00,0,0,0.00,0.00,0,0
1446470084,s1-eth1,1225042.99,27230.77,1252273.76,27258,1226268,413.59,412.59,826.17,413,414,0.00,0.00,0,0
1446470084,s1-eth2,27230.77,1225042.99,1252273.76,1226268,27258,412.59,413.59,826.17,414,413,0.00,0.00,0,0
1446470084,total,1252273.76,1252333.70,2504607.46,1253586,1253526,826.17,827.17,1653.35,828,827,0.00,0.00,0,0
1446470085,lo,1070.93,1070.93,2141.86,1072,1072,11.99,11.99,23.98,12,12,0.00,0.00,0,0
1446470085,s1,0.00,139.86,139.86,140,0,0.00,2.00,2.00,2,0,0.00,0.00,0,0
1446470085,eth0,0.00,0.00,0.00,0,0,0.00,0.00,0.00,0,0,0.00,0.00,0,0
1446470085,s2,0.00,139.86,139.86,140,0,0.00,2.00,2.00,2,0,0.00,0.00,0,0
1446470085,eth1,89.91,59.94,149.85,60,90,1.00,1.00,2.00,1,1,0.00,0.00,0,0
1446470085,s2-eth1,69.93,69.93,139.86,70,70,1.00,1.00,2.00,1,1,0.00,0.00,0,0
1446470085,s2-eth2,69.93,69.93,139.86,70,70,1.00,1.00,2.00,1,1,0.00,0.00,0,0
1446470085,s1-eth3,69.93,69.93,139.86,70,70,1.00,1.00,2.00,1,1,0.00,0.00,0,0
1446470085,s1-eth1,1222223.81,27230.77,1249454.58,27258,1223446,414.59,412.59,827.17,413,415,0.00,0.00,0,0
1446470085,s1-eth2,27366.63,1222153.88,1249520.51,1223376,27394,414.59,413.59,828.17,414,415,0.00,0.00,0,0
1446470085,total,1250961.07,1251005.03,2501966.10,1252256,1252212,845.15,846.15,1691.31,847,846,0.00,0.00,0,0
1446470086,lo,535.46,535.46,1070.93,536,536,5.99,5.99,11.99,6,6,0.00,0.00,0,0
1446470086,s1,0.00,70.00,70.00,70,0,0.00,1.00,1.00,1,0,0.00,0.00,0,0
1446470086,eth0,0.00,0.00,0.00,0,0,0.00,0.00,0.00,0,0,0.00,0.00,0,0
1446470086,s2,0.00,70.00,70.00,70,0,0.00,1.00,1.00,1,0,0.00,0.00,0,0
1446470086,eth1,0.00,59.94,59.94,60,0,0.00,1.00,1.00,1,0,0.00,0.00,0,0
1446470086,s2-eth1,0.00,70.00,70.00,70,0,0.00,1.00,1.00,1,0,0.00,0.00,0,0
1446470086,s2-eth2,70.00,0.00,70.00,0,70,1.00,0.00,1.00,0,1,0.00,0.00,0,0
1446470086,s1-eth3,70.00,0.00,70.00,0,70,1.00,0.00,1.00,0,1,0.00,0.00,0,0
1446470086,s1-eth1,1221532.00,27196.00,1248728.00,27196,1221532,430.00,412.00,842.00,412,430,0.00,0.00,0,0
1446470086,s1-eth2,27196.00,1220084.00,1247280.00,1220084,27196,412.00,430.00,842.00,430,412,0.00,0.00,0,0
1446470086,total,1249404.00,1248086.00,2497490.00,1248086,1249404,850.00,852.00,1702.00,852,850,0.00,0.00,0,0
1446470087,lo,0.00,0.00,0.00,0,0,0.00,0.00,0.00,0,0,0.00,0.00,0,0
1446470087,s1,0.00,0.00,0.00,0,0,0.00,0.00,0.00,0,0,0.00,0.00,0,0
1446470087,eth0,0.00,0.00,0.00,0,0,0.00,0.00,0.00,0,0,0.00,0.00,0,0
1446470087,s2,0.00,0.00,0.00,0,0,0.00,0.00,0.00,0,0,0.00,0.00,0,0
1446470087,eth1,0.00,60.00,60.00,60,0,0.00,1.00,1.00,1,0,0.00,0.00,0,0
1446470087,s2-eth1,0.00,0.00,0.00,0,0,0.00,0.00,0.00,0,0,0.00,0.00,0,0
1446470087,s2-eth2,0.00,0.00,0.00,0,0,0.00,0.00,0.00,0,0,0.00,0.00,0,0
1446470087,s1-eth3,0.00,0.00,0.00,0,0,0.00,0.00,0.00,0,0,0.00,0.00,0,0
1446470087,s1-eth1,1223050.00,27324.00,1250374.00,27324,1223050,453.00,414.00,867.00,414,453,0.00,0.00,0,0
1446470087,s1-eth2,27258.00,1224498.00,1251756.00,1224498,27258,413.00,453.00,866.00,453,413,0.00,0.00,0,0
1446470087,total,1250308.00,1251882.00,2502190.00,1251882,1250308,866.00,868.00,1734.00,868,866,0.00,0.00,0,0
1446470088,lo,0.00,0.00,0.00,0,0,0.00,0.00,0.00,0,0,0.00,0.00,0,0
1446470088,s1,0.00,0.00,0.00,0,0,0.00,0.00,0.00,0,0,0.00,0.00,0,0
1446470088,eth0,0.00,0.00,0.00,0,0,0.00,0.00,0.00,0,0,0.00,0.00,0,0
1446470088,s2,0.00,0.00,0.00,0,0,0.00,0.00,0.00,0,0,0.00,0.00,0,0
1446470088,eth1,0.00,60.00,60.00,60,0,0.00,1.00,1.00,1,0,0.00,0.00,0,0
1446470088,s2-eth1,0.00,0.00,0.00,0,0,0.00,0.00,0.00,0,0,0.00,0.00,0,0
1446470088,s2-eth2,0.00,0.00,0.00,0,0,0.00,0.00,0.00,0,0,0.00,0.00,0,0
1446470088,s1-eth3,0.00,0.00,0.00,0,0,0.00,0.00,0.00,0,0,0.00,0.00,0,0
1446470088,s1-eth1,1223306.00,27258.00,1250564.00,27258,1223306,413.00,413.00,826.00,413,413,0.00,0.00,0,0
1446470088,s1-eth2,27258.00,1223306.00,1250564.00,1223306,27258,413.00,413.00,826.00,413,413,0.00,0.00,0,0
1446470088,total,1250564.00,1250624.00,2501188.00,1250624,1250564,826.00,827.00,1653.00,827,826,0.00,0.00,0,0
1446470089,lo,0.00,0.00,0.00,0,0,0.00,0.00,0.00,0,0,0.00,0.00,0,0
1446470089,s1,0.00,0.00,0.00,0,0,0.00,0.00,0.00,0,0,0.00,0.00,0,0
1446470089,eth0,0.00,0.00,0.00,0,0,0.00,0.00,0.00,0,0,0.00,0.00,0,0
1446470089,s2,0.00,0.00,0.00,0,0,0.00,0.00,0.00,0,0,0.00,0.00,0,0
1446470089,eth1,0.00,59.94,59.94,60,0,0.00,1.00,1.00,1,0,0.00,0.00,0,0
1446470089,s2-eth1,0.00,0.00,0.00,0,0,0.00,0.00,0.00,0,0,0.00,0.00,0,0
1446470089,s2-eth2,0.00,0.00,0.00,0,0,0.00,0.00,0.00,0,0,0.00,0.00,0,0
1446470089,s1-eth3,0.00,0.00,0.00,0,0,0.00,0.00,0.00,0,0,0.00,0.00,0,0
1446470089,s1-eth1,1225042.99,27230.77,1252273.76,27258,1226268,413.59,412.59,826.17,413,414,0.00,0.00,0,0
1446470089,s1-eth2,27296.70,1225042.99,1252339.69,1226268,27324,413.59,413.59,827.17,414,414,0.00,0.00,0,0
1446470089,total,1252339.69,1252333.70,2504673.39,1253586,1253592,827.17,827.17,1654.35,828,828,0.00,0.00,0,0
1446470090,lo,344.00,344.00,688.00,344,344,6.00,6.00,12.00,6,6,0.00,0.00,0,0
1446470090,s1,0.00,0.00,0.00,0,0,0.00,0.00,0.00,0,0,0.00,0.00,0,0
1446470090,eth0,0.00,0.00,0.00,0,0,0.00,0.00,0.00,0,0,0.00,0.00,0,0
1446470090,s2,0.00,0.00,0.00,0,0,0.00,0.00,0.00,0,0,0.00,0.00,0,0
1446470090,eth1,60.00,120.00,180.00,120,60,1.00,2.00,3.00,2,1,0.00,0.00,0,0
1446470090,s2-eth1,0.00,0.00,0.00,0,0,0.00,0.00,0.00,0,0,0.00,0.00,0,0
1446470090,s2-eth2,0.00,0.00,0.00,0,0,0.00,0.00,0.00,0,0,0.00,0.00,0,0
1446470090,s1-eth3,0.00,0.00,0.00,0,0,0.00,0.00,0.00,0,0,0.00,0.00,0,0
1446470090,s1-eth1,1223306.00,27258.00,1250564.00,27258,1223306,413.00,413.00,826.00,413,413,0.00,0.00,0,0
1446470090,s1-eth2,27192.00,1223306.00,1250498.00,1223306,27192,412.00,413.00,825.00,413,412,0.00,0.00,0,0
1446470090,total,1250902.00,1251028.00,2501930.00,1251028,1250902,832.00,834.00,1666.00,834,832,0.00,0.00,0,0
1446470091,lo,0.00,0.00,0.00,0,0,0.00,0.00,0.00,0,0,0.00,0.00,0,0
1446470091,s1,0.00,0.00,0.00,0,0,0.00,0.00,0.00,0,0,0.00,0.00,0,0
1446470091,eth0,0.00,0.00,0.00,0,0,0.00,0.00,0.00,0,0,0.00,0.00,0,0
1446470091,s2,0.00,0.00,0.00,0,0,0.00,0.00,0.00,0,0,0.00,0.00,0,0
1446470091,eth1,0.00,60.00,60.00,60,0,0.00,1.00,1.00,1,0,0.00,0.00,0,0
1446470091,s2-eth1,0.00,0.00,0.00,0,0,0.00,0.00,0.00,0,0,0.00,0.00,0,0
1446470091,s2-eth2,0.00,0.00,0.00,0,0,0.00,0.00,0.00,0,0,0.00,0.00,0,0
1446470091,s1-eth3,0.00,0.00,0.00,0,0,0.00,0.00,0.00,0,0,0.00,0.00,0,0
1446470091,s1-eth1,1220344.00,27258.00,1247602.00,27258,1220344,412.00,413.00,825.00,413,412,0.00,0.00,0,0
1446470091,s1-eth2,27258.00,1220344.00,1247602.00,1220344,27258,413.00,412.00,825.00,412,413,0.00,0.00,0,0
1446470091,total,1247602.00,1247662.00,2495264.00,1247662,1247602,825.00,826.00,1651.00,826,825,0.00,0.00,0,0
1446470092,lo,0.00,0.00,0.00,0,0,0.00,0.00,0.00,0,0,0.00,0.00,0,0
1446470092,s1,0.00,0.00,0.00,0,0,0.00,0.00,0.00,0,0,0.00,0.00,0,0
1446470092,eth0,0.00,0.00,0.00,0,0,0.00,0.00,0.00,0,0,0.00,0.00,0,0
1446470092,s2,0.00,0.00,0.00,0,0,0.00,0.00,0.00,0,0,0.00,0.00,0,0
1446470092,eth1,0.00,59.94,59.94,60,0,0.00,1.00,1.00,1,0,0.00,0.00,0,0
1446470092,s2-eth1,0.00,0.00,0.00,0,0,0.00,0.00,0.00,0,0,0.00,0.00,0,0
1446470092,s2-eth2,0.00,0.00,0.00,0,0,0.00,0.00,0.00,0,0,0.00,0.00,0,0
1446470092,s1-eth3,0.00,0.00,0.00,0,0,0.00,0.00,0.00,0,0,0.00,0.00,0,0
1446470092,s1-eth1,1220311.72,27098.90,1247410.62,27126,1221532,429.57,410.59,840.16,411,430,0.00,0.00,0,0
1446470092,s1-eth2,27164.84,1220311.72,1247476.56,1221532,27192,411.59,429.57,841.16,430,412,0.00,0.00,0,0
1446470092,total,1247476.56,1247470.56,2494947.12,1248718,1248724,841.16,841.16,1682.32,842,842,0.00,0.00,0,0
1446470093,lo,0.00,0.00,0.00,0,0,0.00,0.00,0.00,0,0,0.00,0.00,0,0
1446470093,s1,0.00,0.00,0.00,0,0,0.00,0.00,0.00,0,0,0.00,0.00,0,0
1446470093,eth0,0.00,0.00,0.00,0,0,0.00,0.00,0.00,0,0,0.00,0.00,0,0
1446470093,s2,0.00,0.00,0.00,0,0,0.00,0.00,0.00,0,0,0.00,0.00,0,0
1446470093,eth1,0.00,59.94,59.94,60,0,0.00,1.00,1.00,1,0,0.00,0.00,0,0
1446470093,s2-eth1,0.00,0.00,0.00,0,0,0.00,0.00,0.00,0,0,0.00,0.00,0,0
1446470093,s2-eth2,0.00,0.00,0.00,0,0,0.00,0.00,0.00,0,0,0.00,0.00,0,0
1446470093,s1-eth3,0.00,0.00,0.00,0,0,0.00,0.00,0.00,0,0,0.00,0.00,0,0
1446470093,s1-eth1,1226078.00,27324.00,1253402.00,27324,1226078,455.00,414.00,869.00,414,455,0.00,0.00,0,0
1446470093,s1-eth2,27258.00,1226078.00,1253336.00,1226078,27258,413.00,455.00,868.00,455,413,0.00,0.00,0,0
1446470093,total,1252083.95,1252209.82,2504293.77,1253462,1253336,867.13,869.13,1736.26,870,868,0.00,0.00,0,0
1446470094,lo,0.00,0.00,0.00,0,0,0.00,0.00,0.00,0,0,0.00,0.00,0,0
1446470094,s1,0.00,0.00,0.00,0,0,0.00,0.00,0.00,0,0,0.00,0.00,0,0
1446470094,eth0,0.00,0.00,0.00,0,0,0.00,0.00,0.00,0,0,0.00,0.00,0,0
1446470094,s2,0.00,0.00,0.00,0,0,0.00,0.00,0.00,0,0,0.00,0.00,0,0
1446470094,eth1,0.00,60.00,60.00,60,0,0.00,1.00,1.00,1,0,0.00,0.00,0,0
1446470094,s2-eth1,0.00,0.00,0.00,0,0,0.00,0.00,0.00,0,0,0.00,0.00,0,0
1446470094,s2-eth2,0.00,0.00,0.00,0,0,0.00,0.00,0.00,0,0,0.00,0.00,0,0
1446470094,s1-eth3,0.00,0.00,0.00,0,0,0.00,0.00,0.00,0,0,0.00,0.00,0,0
1446470094,s1-eth1,1226268.00,27258.00,1253526.00,27258,1226268,414.00,413.00,827.00,413,414,0.00,0.00,0,0
1446470094,s1-eth2,27324.00,1226268.00,1253592.00,1226268,27324,414.00,414.00,828.00,414,414,0.00,0.00,0,0
1446470094,total,1253592.00,1253586.00,2507178.00,1253586,1253592,828.00,828.00,1656.00,828,828,0.00,0.00,0,0
1446470095,lo,344.00,344.00,688.00,344,344,6.00,6.00,12.00,6,6,0.00,0.00,0,0
1446470095,s1,0.00,0.00,0.00,0,0,0.00,0.00,0.00,0,0,0.00,0.00,0,0
1446470095,eth0,0.00,0.00,0.00,0,0,0.00,0.00,0.00,0,0,0.00,0.00,0,0
1446470095,s2,0.00,0.00,0.00,0,0,0.00,0.00,0.00,0,0,0.00,0.00,0,0
1446470095,eth1,0.00,60.00,60.00,60,0,0.00,1.00,1.00,1,0,0.00,0.00,0,0
1446470095,s2-eth1,0.00,0.00,0.00,0,0,0.00,0.00,0.00,0,0,0.00,0.00,0,0
1446470095,s2-eth2,0.00,0.00,0.00,0,0,0.00,0.00,0.00,0,0,0.00,0.00,0,0
1446470095,s1-eth3,0.00,0.00,0.00,0,0,0.00,0.00,0.00,0,0,0.00,0.00,0,0
1446470095,s1-eth1,1223306.00,27258.00,1250564.00,27258,1223306,413.00,413.00,826.00,413,413,0.00,0.00,0,0
1446470095,s1-eth2,27258.00,1223306.00,1250564.00,1223306,27258,413.00,413.00,826.00,413,413,0.00,0.00,0,0
1446470095,total,1250908.00,1250968.00,2501876.00,1250968,1250908,832.00,833.00,1665.00,833,832,0.00,0.00,0,0
1446470096,lo,0.00,0.00,0.00,0,0,0.00,0.00,0.00,0,0,0.00,0.00,0,0
1446470096,s1,0.00,0.00,0.00,0,0,0.00,0.00,0.00,0,0,0.00,0.00,0,0
1446470096,eth0,0.00,0.00,0.00,0,0,0.00,0.00,0.00,0,0,0.00,0.00,0,0
1446470096,s2,0.00,0.00,0.00,0,0,0.00,0.00,0.00,0,0,0.00,0.00,0,0
1446470096,eth1,90.00,60.00,150.00,60,90,1.00,1.00,2.00,1,1,0.00,0.00,0,0
1446470096,s2-eth1,0.00,0.00,0.00,0,0,0.00,0.00,0.00,0,0,0.00,0.00,0,0
1446470096,s2-eth2,0.00,0.00,0.00,0,0,0.00,0.00,0.00,0,0,0.00,0.00,0,0
1446470096,s1-eth3,0.00,0.00,0.00,0,0,0.00,0.00,0.00,0,0,0.00,0.00,0,0
1446470096,s1-eth1,1223306.00,27258.00,1250564.00,27258,1223306,413.00,413.00,826.00,413,413,0.00,0.00,0,0
1446470096,s1-eth2,27258.00,1223306.00,1250564.00,1223306,27258,413.00,413.00,826.00,413,413,0.00,0.00,0,0
1446470096,total,1250654.00,1250624.00,2501278.00,1250624,1250654,827.00,827.00,1654.00,827,827,0.00,0.00,0,0
1446470097,lo,0.00,0.00,0.00,0,0,0.00,0.00,0.00,0,0,0.00,0.00,0,0
1446470097,s1,0.00,0.00,0.00,0,0,0.00,0.00,0.00,0,0,0.00,0.00,0,0
1446470097,eth0,0.00,0.00,0.00,0,0,0.00,0.00,0.00,0,0,0.00,0.00,0,0
1446470097,s2,0.00,0.00,0.00,0,0,0.00,0.00,0.00,0,0,0.00,0.00,0,0
1446470097,eth1,0.00,150.00,150.00,150,0,0.00,2.00,2.00,2,0,0.00,0.00,0,0
1446470097,s2-eth1,0.00,0.00,0.00,0,0,0.00,0.00,0.00,0,0,0.00,0.00,0,0
1446470097,s2-eth2,0.00,0.00,0.00,0,0,0.00,0.00,0.00,0,0,0.00,0.00,0,0
1446470097,s1-eth3,0.00,0.00,0.00,0,0,0.00,0.00,0.00,0,0,0.00,0.00,0,0
1446470097,s1-eth1,1223306.00,27324.00,1250630.00,27324,1223306,413.00,414.00,827.00,414,413,0.00,0.00,0,0
1446470097,s1-eth2,27258.00,1223306.00,1250564.00,1223306,27258,413.00,413.00,826.00,413,413,0.00,0.00,0,0
1446470097,total,1250564.00,1250780.00,2501344.00,1250780,1250564,826.00,829.00,1655.00,829,826,0.00,0.00,0,0
1446470098,lo,0.00,0.00,0.00,0,0,0.00,0.00,0.00,0,0,0.00,0.00,0,0
1446470098,s1,0.00,0.00,0.00,0,0,0.00,0.00,0.00,0,0,0.00,0.00,0,0
1446470098,eth0,0.00,0.00,0.00,0,0,0.00,0.00,0.00,0,0,0.00,0.00,0,0
1446470098,s2,0.00,0.00,0.00,0,0,0.00,0.00,0.00,0,0,0.00,0.00,0,0
1446470098,eth1,0.00,60.00,60.00,60,0,0.00,1.00,1.00,1,0,0.00,0.00,0,0
1446470098,s2-eth1,0.00,0.00,0.00,0,0,0.00,0.00,0.00,0,0,0.00,0.00,0,0
1446470098,s2-eth2,0.00,0.00,0.00,0,0,0.00,0.00,0.00,0,0,0.00,0.00,0,0
1446470098,s1-eth3,0.00,0.00,0.00,0,0,0.00,0.00,0.00,0,0,0.00,0.00,0,0
1446470098,s1-eth1,1223306.00,27258.00,1250564.00,27258,1223306,413.00,413.00,826.00,413,413,0.00,0.00,0,0
1446470098,s1-eth2,27258.00,1223306.00,1250564.00,1223306,27258,413.00,413.00,826.00,413,413,0.00,0.00,0,0
1446470098,total,1250564.00,1250624.00,2501188.00,1250624,1250564,826.00,827.00,1653.00,827,826,0.00,0.00,0,0
1446470099,lo,0.00,0.00,0.00,0,0,0.00,0.00,0.00,0,0,0.00,0.00,0,0
1446470099,s1,0.00,0.00,0.00,0,0,0.00,0.00,0.00,0,0,0.00,0.00,0,0
1446470099,eth0,0.00,0.00,0.00,0,0,0.00,0.00,0.00,0,0,0.00,0.00,0,0
1446470099,s2,0.00,0.00,0.00,0,0,0.00,0.00,0.00,0,0,0.00,0.00,0,0
1446470099,eth1,0.00,60.00,60.00,60,0,0.00,1.00,1.00,1,0,0.00,0.00,0,0
1446470099,s2-eth1,0.00,0.00,0.00,0,0,0.00,0.00,0.00,0,0,0.00,0.00,0,0
1446470099,s2-eth2,0.00,0.00,0.00,0,0,0.00,0.00,0.00,0,0,0.00,0.00,0,0
1446470099,s1-eth3,0.00,0.00,0.00,0,0,0.00,0.00,0.00,0,0,0.00,0.00,0,0
1446470099,s1-eth1,1223306.00,27258.00,1250564.00,27258,1223306,413.00,413.00,826.00,413,413,0.00,0.00,0,0
1446470099,s1-eth2,27258.00,1223306.00,1250564.00,1223306,27258,413.00,413.00,826.00,413,413,0.00,0.00,0,0
1446470099,total,1250564.00,1250624.00,2501188.00,1250624,1250564,826.00,827.00,1653.00,827,826,0.00,0.00,0,0
1446470100,lo,344.00,344.00,688.00,344,344,6.00,6.00,12.00,6,6,0.00,0.00,0,0
1446470100,s1,0.00,0.00,0.00,0,0,0.00,0.00,0.00,0,0,0.00,0.00,0,0
1446470100,eth0,0.00,0.00,0.00,0,0,0.00,0.00,0.00,0,0,0.00,0.00,0,0
1446470100,s2,0.00,0.00,0.00,0,0,0.00,0.00,0.00,0,0,0.00,0.00,0,0
1446470100,eth1,0.00,59.94,59.94,60,0,0.00,1.00,1.00,1,0,0.00,0.00,0,0
1446470100,s2-eth1,0.00,0.00,0.00,0,0,0.00,0.00,0.00,0,0,0.00,0.00,0,0
1446470100,s2-eth2,0.00,0.00,0.00,0,0,0.00,0.00,0.00,0,0,0.00,0.00,0,0
1446470100,s1-eth3,0.00,0.00,0.00,0,0,0.00,0.00,0.00,0,0,0.00,0.00,0,0
1446470100,s1-eth1,1219124.91,27098.90,1246223.81,27126,1220344,411.59,410.59,822.18,411,412,0.00,0.00,0,0
1446470100,s1-eth2,27164.84,1219124.91,1246289.74,1220344,27192,411.59,411.59,823.18,412,412,0.00,0.00,0,0
1446470100,total,1246633.40,1246627.41,2493260.81,1247874,1247880,829.17,829.17,1658.34,830,830,0.00,0.00,0,0
1446470101,lo,0.00,0.00,0.00,0,0,0.00,0.00,0.00,0,0,0.00,0.00,0,0
1446470101,s1,0.00,0.00,0.00,0,0,0.00,0.00,0.00,0,0,0.00,0.00,0,0
1446470101,eth0,0.00,0.00,0.00,0,0,0.00,0.00,0.00,0,0,0.00,0.00,0,0
1446470101,s2,0.00,0.00,0.00,0,0,0.00,0.00,0.00,0,0,0.00,0.00,0,0
1446470101,eth1,0.00,59.94,59.94,60,0,0.00,1.00,1.00,1,0,0.00,0.00,0,0
1446470101,s2-eth1,0.00,0.00,0.00,0,0,0.00,0.00,0.00,0,0,0.00,0.00,0,0
1446470101,s2-eth2,0.00,0.00,0.00,0,0,0.00,0.00,0.00,0,0,0.00,0.00,0,0
1446470101,s1-eth3,0.00,0.00,0.00,0,0,0.00,0.00,0.00,0,0,0.00,0.00,0,0
1446470101,s1-eth1,1222083.95,27296.70,1249380.65,27324,1223306,412.59,413.59,826.17,414,413,0.00,0.00,0,0
1446470101,s1-eth2,27230.77,1222083.95,1249314.72,1223306,27258,412.59,412.59,825.17,413,413,0.00,0.00,0,0
1446470101,total,1249314.72,1249440.59,2498755.31,1250690,1250564,825.17,827.17,1652.35,828,826,0.00,0.00,0,0
1446470102,lo,0.00,0.00,0.00,0,0,0.00,0.00,0.00,0,0,0.00,0.00,0,0
1446470102,s1,0.00,0.00,0.00,0,0,0.00,0.00,0.00,0,0,0.00,0.00,0,0
1446470102,eth0,0.00,0.00,0.00,0,0,0.00,0.00,0.00,0,0,0.00,0.00,0,0
1446470102,s2,0.00,0.00,0.00,0,0,0.00,0.00,0.00,0,0,0.00,0.00,0,0
1446470102,eth1,0.00,60.00,60.00,60,0,0.00,1.00,1.00,1,0,0.00,0.00,0,0
1446470102,s2-eth1,0.00,0.00,0.00,0,0,0.00,0.00,0.00,0,0,0.00,0.00,0,0
1446470102,s2-eth2,0.00,0.00,0.00,0,0,0.00,0.00,0.00,0,0,0.00,0.00,0,0
1446470102,s1-eth3,0.00,0.00,0.00,0,0,0.00,0.00,0.00,0,0,0.00,0.00,0,0
1446470102,s1-eth1,1223306.00,27258.00,1250564.00,27258,1223306,413.00,413.00,826.00,413,413,0.00,0.00,0,0
1446470102,s1-eth2,27258.00,1223306.00,1250564.00,1223306,27258,413.00,413.00,826.00,413,413,0.00,0.00,0,0
1446470102,total,1250564.00,1250624.00,2501188.00,1250624,1250564,826.00,827.00,1653.00,827,826,0.00,0.00,0,0
1446470103,lo,0.00,0.00,0.00,0,0,0.00,0.00,0.00,0,0,0.00,0.00,0,0
1446470103,s1,0.00,0.00,0.00,0,0,0.00,0.00,0.00,0,0,0.00,0.00,0,0
1446470103,eth0,0.00,0.00,0.00,0,0,0.00,0.00,0.00,0,0,0.00,0.00,0,0
1446470103,s2,0.00,0.00,0.00,0,0,0.00,0.00,0.00,0,0,0.00,0.00,0,0
1446470103,eth1,0.00,60.00,60.00,60,0,0.00,1.00,1.00,1,0,0.00,0.00,0,0
1446470103,s2-eth1,0.00,0.00,0.00,0,0,0.00,0.00,0.00,0,0,0.00,0.00,0,0
1446470103,s2-eth2,0.00,0.00,0.00,0,0,0.00,0.00,0.00,0,0,0.00,0.00,0,0
1446470103,s1-eth3,0.00,0.00,0.00,0,0,0.00,0.00,0.00,0,0,0.00,0.00,0,0
1446470103,s1-eth1,1226268.00,27258.00,1253526.00,27258,1226268,414.00,413.00,827.00,413,414,0.00,0.00,0,0
1446470103,s1-eth2,27258.00,1226268.00,1253526.00,1226268,27258,413.00,414.00,827.00,414,413,0.00,0.00,0,0
1446470103,total,1253526.00,1253586.00,2507112.00,1253586,1253526,827.00,828.00,1655.00,828,827,0.00,0.00,0,0
1446470104,lo,0.00,0.00,0.00,0,0,0.00,0.00,0.00,0,0,0.00,0.00,0,0
1446470104,s1,0.00,0.00,0.00,0,0,0.00,0.00,0.00,0,0,0.00,0.00,0,0
1446470104,eth0,0.00,0.00,0.00,0,0,0.00,0.00,0.00,0,0,0.00,0.00,0,0
1446470104,s2,0.00,0.00,0.00,0,0,0.00,0.00,0.00,0,0,0.00,0.00,0,0
1446470104,eth1,0.00,0.00,0.00,0,0,0.00,0.00,0.00,0,0,0.00,0.00,0,0
1446470104,s2-eth1,0.00,0.00,0.00,0,0,0.00,0.00,0.00,0,0,0.00,0.00,0,0
1446470104,s2-eth2,0.00,0.00,0.00,0,0,0.00,0.00,0.00,0,0,0.00,0.00,0,0
1446470104,s1-eth3,0.00,0.00,0.00,0,0,0.00,0.00,0.00,0,0,0.00,0.00,0,0
1446470104,s1-eth1,1227200.00,27258.00,1254458.00,27258,1227200,472.00,413.00,885.00,413,472,0.00,0.00,0,0
1446470104,s1-eth2,27324.00,1227200.00,1254524.00,1227200,27324,414.00,472.00,886.00,472,414,0.00,0.00,0,0
1446470104,total,1254524.00,1254458.00,2508982.00,1254458,1254524,886.00,885.00,1771.00,885,886,0.00,0.00,0,0
1446470105,lo,344.00,344.00,688.00,344,344,6.00,6.00,12.00,6,6,0.00,0.00,0,0
1446470105,s1,0.00,0.00,0.00,0,0,0.00,0.00,0.00,0,0,0.00,0.00,0,0
1446470105,eth0,0.00,0.00,0.00,0,0,0.00,0.00,0.00,0,0,0.00,0.00,0,0
1446470105,s2,0.00,0.00,0.00,0,0,0.00,0.00,0.00,0,0,0.00,0.00,0,0
1446470105,eth1,0.00,0.00,0.00,0,0,0.00,0.00,0.00,0,0,0.00,0.00,0,0
1446470105,s2-eth1,0.00,0.00,0.00,0,0,0.00,0.00,0.00,0,0,0.00,0.00,0,0
1446470105,s2-eth2,0.00,0.00,0.00,0,0,0.00,0.00,0.00,0,0,0.00,0.00,0,0
1446470105,s1-eth3,0.00,0.00,0.00,0,0,0.00,0.00,0.00,0,0,0.00,0.00,0,0
1446470105,s1-eth1,1220344.00,27192.00,1247536.00,27192,1220344,412.00,412.00,824.00,412,412,0.00,0.00,0,0
1446470105,s1-eth2,27192.00,1220344.00,1247536.00,1220344,27192,412.00,412.00,824.00,412,412,0.00,0.00,0,0
1446470105,total,1247880.00,1247880.00,2495760.00,1247880,1247880,830.00,830.00,1660.00,830,830,0.00,0.00,0,0
1446470106,lo,0.00,0.00,0.00,0,0,0.00,0.00,0.00,0,0,0.00,0.00,0,0
1446470106,s1,0.00,0.00,0.00,0,0,0.00,0.00,0.00,0,0,0.00,0.00,0,0
1446470106,eth0,0.00,0.00,0.00,0,0,0.00,0.00,0.00,0,0,0.00,0.00,0,0
1446470106,s2,0.00,0.00,0.00,0,0,0.00,0.00,0.00,0,0,0.00,0.00,0,0
1446470106,eth1,0.00,0.00,0.00,0,0,0.00,0.00,0.00,0,0,0.00,0.00,0,0
1446470106,s2-eth1,0.00,0.00,0.00,0,0,0.00,0.00,0.00,0,0,0.00,0.00,0,0
1446470106,s2-eth2,0.00,0.00,0.00,0,0,0.00,0.00,0.00,0,0,0.00,0.00,0,0
1446470106,s1-eth3,0.00,0.00,0.00,0,0,0.00,0.00,0.00,0,0,0.00,0.00,0,0
1446470106,s1-eth1,1222083.95,27230.77,1249314.72,27258,1223306,412.59,412.59,825.17,413,413,0.00,0.00,0,0
1446470106,s1-eth2,27230.77,1222083.95,1249314.72,1223306,27258,412.59,412.59,825.17,413,413,0.00,0.00,0,0
1446470106,total,1249314.72,1249314.72,2498629.44,1250564,1250564,825.17,825.17,1650.35,826,826,0.00,0.00,0,0
1446470107,lo,1310.69,1310.69,2621.38,1312,1312,11.99,11.99,23.98,12,12,0.00,0.00,0,0
1446470107,s1,0.00,0.00,0.00,0,0,0.00,0.00,0.00,0,0,0.00,0.00,0,0
1446470107,eth0,0.00,0.00,0.00,0,0,0.00,0.00,0.00,0,0,0.00,0.00,0,0
1446470107,s2,0.00,0.00,0.00,0,0,0.00,0.00,0.00,0,0,0.00,0.00,0,0
1446470107,eth1,0.00,0.00,0.00,0,0,0.00,0.00,0.00,0,0,0.00,0.00,0,0
1446470107,s2-eth1,325856.15,6073.93,331930.08,6080,326182,114.89,91.91,206.79,92,115,0.00,0.00,0,0
1446470107,s2-eth2,6073.93,325790.22,331864.14,326116,6080,91.91,113.89,205.79,114,92,0.00,0.00,0,0
1446470107,s1-eth3,6073.93,325856.15,331930.08,326182,6080,91.91,114.89,206.79,115,92,0.00,0.00,0,0
1446470107,s1-eth1,1222445.59,27502.50,1249948.09,27530,1223668,417.58,416.58,834.17,417,418,0.00,0.00,0,0
1446470107,s1-eth2,21450.00,1223306.00,1244756.00,1223306,21450,325.00,413.00,738.00,413,325,0.00,0.00,0,0
1446470107,total,1584772.00,1910526.00,3495298.00,1910526,1584772,1054.00,1163.00,2217.00,1163,1054,0.00,0.00,0,0
1446470108,lo,0.00,0.00,0.00,0,0,0.00,0.00,0.00,0,0,0.00,0.00,0,0
1446470108,s1,0.00,0.00,0.00,0,0,0.00,0.00,0.00,0,0,0.00,0.00,0,0
1446470108,eth0,0.00,0.00,0.00,0,0,0.00,0.00,0.00,0,0,0.00,0.00,0,0
1446470108,s2,0.00,0.00,0.00,0,0,0.00,0.00,0.00,0,0,0.00,0.00,0,0
1446470108,eth1,0.00,0.00,0.00,0,0,0.00,0.00,0.00,0,0,0.00,0.00,0,0
1446470108,s2-eth1,660526.00,14652.00,675178.00,14652,660526,223.00,222.00,445.00,222,223,0.00,0.00,0,0
1446470108,s2-eth2,14586.00,660526.00,675112.00,660526,14586,221.00,223.00,444.00,223,221,0.00,0.00,0,0
1446470108,s1-eth3,14637.36,659866.15,674503.51,660526,14652,221.78,222.78,444.56,223,222,0.00,0.00,0,0
1446470108,s1-eth1,1222927.11,27296.70,1250223.81,27324,1224150,414.59,413.59,828.17,414,415,0.00,0.00,0,0
1446470108,s1-eth2,12659.34,299706.30,312365.64,300006,12672,191.81,102.90,294.71,103,192,0.00,0.00,0,0
1446470108,total,1924661.39,1661372.67,3586034.06,1663034,1926586,1271.73,1183.82,2455.54,1185,1273,0.00,0.00,0,0
1446470109,lo,0.00,0.00,0.00,0,0,0.00,0.00,0.00,0,0,0.00,0.00,0,0
1446470109,s1,0.00,0.00,0.00,0,0,0.00,0.00,0.00,0,0,0.00,0.00,0,0
1446470109,eth0,0.00,0.00,0.00,0,0,0.00,0.00,0.00,0,0,0.00,0.00,0,0
1446470109,s2,0.00,0.00,0.00,0,0,0.00,0.00,0.00,0,0,0.00,0.00,0,0
1446470109,eth1,0.00,0.00,0.00,0,0,0.00,0.00,0.00,0,0,0.00,0.00,0,0
1446470109,s2-eth1,1219124.91,27164.84,1246289.74,27192,1220344,411.59,411.59,823.18,412,412,0.00,0.00,0,0
1446470109,s2-eth2,27230.77,1222083.95,1249314.72,1223306,27258,412.59,412.59,825.17,413,413,0.00,0.00,0,0
1446470109,s1-eth3,27164.84,1219124.91,1246289.74,1220344,27192,411.59,411.59,823.18,412,412,0.00,0.00,0,0
1446470109,s1-eth1,1222083.95,27230.77,1249314.72,27258,1223306,412.59,412.59,825.17,413,413,0.00,0.00,0,0
1446470109,s1-eth2,0.00,0.00,0.00,0,0,0.00,0.00,0.00,0,0,0.00,0.00,0,0
1446470109,total,2495604.46,2495604.46,4991208.93,2498100,2498100,1648.35,1648.35,3296.70,1650,1650,0.00,0.00,0,0
1446470110,lo,0.00,0.00,0.00,0,0,0.00,0.00,0.00,0,0,0.00,0.00,0,0
1446470110,s1,0.00,0.00,0.00,0,0,0.00,0.00,0.00,0,0,0.00,0.00,0,0
1446470110,eth0,0.00,0.00,0.00,0,0,0.00,0.00,0.00,0,0,0.00,0.00,0,0
1446470110,s2,0.00,0.00,0.00,0,0,0.00,0.00,0.00,0,0,0.00,0.00,0,0
1446470110,eth1,0.00,0.00,0.00,0,0,0.00,0.00,0.00,0,0,0.00,0.00,0,0
1446470110,s2-eth1,1217908.22,27203.59,1245111.81,27258,1220344,411.18,412.18,823.35,413,412,0.00,0.00,0,0
1446470110,s2-eth2,27164.84,1219124.91,1246289.74,1220344,27192,411.59,411.59,823.18,412,412,0.00,0.00,0,0
1446470110,s1-eth3,27230.77,1219124.91,1246355.68,1220344,27258,412.59,411.59,824.18,412,413,0.00,0.00,0,0
1446470110,s1-eth1,1219124.91,27164.84,1246289.74,27192,1220344,411.59,411.59,823.18,412,412,0.00,0.00,0,0
1446470110,s1-eth2,0.00,0.00,0.00,0,0,0.00,0.00,0.00,0,0,0.00,0.00,0,0
1446470110,total,2490157.75,2490157.75,4980315.51,2495138,2495138,1645.71,1645.71,3291.42,1649,1649,0.00,0.00,0,0
1446470111,lo,343.66,343.66,687.31,344,344,5.99,5.99,11.99,6,6,0.00,0.00,0,0
1446470111,s1,0.00,0.00,0.00,0,0,0.00,0.00,0.00,0,0,0.00,0.00,0,0
1446470111,eth0,0.00,0.00,0.00,0,0,0.00,0.00,0.00,0,0,0.00,0.00,0,0
1446470111,s2,0.00,0.00,0.00,0,0,0.00,0.00,0.00,0,0,0.00,0.00,0,0
1446470111,eth1,0.00,0.00,0.00,0,0,0.00,0.00,0.00,0,0,0.00,0.00,0,0
1446470111,s2-eth1,1222083.95,27230.77,1249314.72,27258,1223306,412.59,412.59,825.17,413,413,0.00,0.00,0,0
1446470111,s2-eth2,27296.70,1222083.95,1249380.65,1223306,27324,413.59,412.59,826.17,413,414,0.00,0.00,0,0
1446470111,s1-eth3,27230.77,1225042.99,1252273.76,1226268,27258,412.59,413.59,826.17,414,413,0.00,0.00,0,0
1446470111,s1-eth1,1222083.95,27296.70,1249380.65,27324,1223306,412.59,413.59,826.17,414,413,0.00,0.00,0,0
1446470111,s1-eth2,0.00,0.00,0.00,0,0,0.00,0.00,0.00,0,0,0.00,0.00,0,0
1446470111,total,2499039.03,2501998.07,5001037.10,2504500,2501538,1657.34,1658.34,3315.68,1660,1659,0.00,0.00,0,0
1446470112,lo,0.00,0.00,0.00,0,0,0.00,0.00,0.00,0,0,0.00,0.00,0,0
1446470112,s1,0.00,0.00,0.00,0,0,0.00,0.00,0.00,0,0,0.00,0.00,0,0
1446470112,eth0,0.00,0.00,0.00,0,0,0.00,0.00,0.00,0,0,0.00,0.00,0,0
1446470112,s2,0.00,0.00,0.00,0,0,0.00,0.00,0.00,0,0,0.00,0.00,0,0
1446470112,eth1,0.00,0.00,0.00,0,0,0.00,0.00,0.00,0,0,0.00,0.00,0,0
1446470112,s2-eth1,1222083.95,27230.77,1249314.72,27258,1223306,412.59,412.59,825.17,413,413,0.00,0.00,0,0
1446470112,s2-eth2,27230.77,1222083.95,1249314.72,1223306,27258,412.59,412.59,825.17,413,413,0.00,0.00,0,0
1446470112,s1-eth3,27230.77,1219124.91,1246355.68,1220344,27258,412.59,411.59,824.18,412,413,0.00,0.00,0,0
1446470112,s1-eth1,1222083.95,27230.77,1249314.72,27258,1223306,412.59,412.59,825.17,413,413,0.00,0.00,0,0
1446470112,s1-eth2,0.00,0.00,0.00,0,0,0.00,0.00,0.00,0,0,0.00,0.00,0,0
1446470112,total,2498629.44,2495670.40,4994299.84,2498166,2501128,1650.35,1649.35,3299.70,1651,1652,0.00,0.00,0,0
1446470113,lo,0.00,0.00,0.00,0,0,0.00,0.00,0.00,0,0,0.00,0.00,0,0
1446470113,s1,0.00,0.00,0.00,0,0,0.00,0.00,0.00,0,0,0.00,0.00,0,0
1446470113,eth0,0.00,0.00,0.00,0,0,0.00,0.00,0.00,0,0,0.00,0.00,0,0
1446470113,s2,0.00,0.00,0.00,0,0,0.00,0.00,0.00,0,0,0.00,0.00,0,0
1446470113,eth1,0.00,0.00,0.00,0,0,0.00,0.00,0.00,0,0,0.00,0.00,0,0
1446470113,s2-eth1,1223306.00,27192.00,1250498.00,27192,1223306,413.00,412.00,825.00,412,413,0.00,0.00,0,0
1446470113,s2-eth2,27192.00,1223306.00,1250498.00,1223306,27192,412.00,413.00,825.00,413,412,0.00,0.00,0,0
1446470113,s1-eth3,27192.00,1223306.00,1250498.00,1223306,27192,412.00,413.00,825.00,413,412,0.00,0.00,0,0
1446470113,s1-eth1,1223306.00,27192.00,1250498.00,27192,1223306,413.00,412.00,825.00,412,413,0.00,0.00,0,0
1446470113,s1-eth2,0.00,0.00,0.00,0,0,0.00,0.00,0.00,0,0,0.00,0.00,0,0
1446470113,total,2500996.00,2500996.00,5001992.00,2500996,2500996,1650.00,1650.00,3300.00,1650,1650,0.00,0.00,0,0
1446470114,lo,0.00,0.00,0.00,0,0,0.00,0.00,0.00,0,0,0.00,0.00,0,0
1446470114,s1,0.00,0.00,0.00,0,0,0.00,0.00,0.00,0,0,0.00,0.00,0,0
1446470114,eth0,0.00,0.00,0.00,0,0,0.00,0.00,0.00,0,0,0.00,0.00,0,0
1446470114,s2,0.00,0.00,0.00,0,0,0.00,0.00,0.00,0,0,0.00,0.00,0,0
1446470114,eth1,0.00,0.00,0.00,0,0,0.00,0.00,0.00,0,0,0.00,0.00,0,0
1446470114,s2-eth1,1220344.00,27192.00,1247536.00,27192,1220344,412.00,412.00,824.00,412,412,0.00,0.00,0,0
1446470114,s2-eth2,27192.00,1220344.00,1247536.00,1220344,27192,412.00,412.00,824.00,412,412,0.00,0.00,0,0
1446470114,s1-eth3,27164.84,1219124.91,1246289.74,1220344,27192,411.59,411.59,823.18,412,412,0.00,0.00,0,0
1446470114,s1-eth1,1220344.00,27192.00,1247536.00,27192,1220344,412.00,412.00,824.00,412,412,0.00,0.00,0,0
1446470114,s1-eth2,0.00,0.00,0.00,0,0,0.00,0.00,0.00,0,0,0.00,0.00,0,0
1446470114,total,2495072.00,2495072.00,4990144.00,2495072,2495072,1648.00,1648.00,3296.00,1648,1648,0.00,0.00,0,0
1446470115,lo,0.00,0.00,0.00,0,0,0.00,0.00,0.00,0,0,0.00,0.00,0,0
1446470115,s1,0.00,0.00,0.00,0,0,0.00,0.00,0.00,0,0,0.00,0.00,0,0
1446470115,eth0,0.00,0.00,0.00,0,0,0.00,0.00,0.00,0,0,0.00,0.00,0,0
1446470115,s2,0.00,0.00,0.00,0,0,0.00,0.00,0.00,0,0,0.00,0.00,0,0
1446470115,eth1,0.00,0.00,0.00,0,0,0.00,0.00,0.00,0,0,0.00,0.00,0,0
1446470115,s2-eth1,1220344.00,27258.00,1247602.00,27258,1220344,412.00,413.00,825.00,413,412,0.00,0.00,0,0
1446470115,s2-eth2,27192.00,1220344.00,1247536.00,1220344,27192,412.00,412.00,824.00,412,412,0.00,0.00,0,0
1446470115,s1-eth3,27258.00,1220344.00,1247602.00,1220344,27258,413.00,412.00,825.00,412,413,0.00,0.00,0,0
1446470115,s1-eth1,1220344.00,27192.00,1247536.00,27192,1220344,412.00,412.00,824.00,412,412,0.00,0.00,0,0
1446470115,s1-eth2,0.00,0.00,0.00,0,0,0.00,0.00,0.00,0,0,0.00,0.00,0,0
1446470115,total,2495138.00,2495138.00,4990276.00,2495138,2495138,1649.00,1649.00,3298.00,1649,1649,0.00,0.00,0,0
1446470116,lo,344.00,344.00,688.00,344,344,6.00,6.00,12.00,6,6,0.00,0.00,0,0
1446470116,s1,0.00,0.00,0.00,0,0,0.00,0.00,0.00,0,0,0.00,0.00,0,0
1446470116,eth0,0.00,0.00,0.00,0,0,0.00,0.00,0.00,0,0,0.00,0.00,0,0
1446470116,s2,0.00,0.00,0.00,0,0,0.00,0.00,0.00,0,0,0.00,0.00,0,0
1446470116,eth1,0.00,0.00,0.00,0,0,0.00,0.00,0.00,0,0,0.00,0.00,0,0
1446470116,s2-eth1,1220344.00,27192.00,1247536.00,27192,1220344,412.00,412.00,824.00,412,412,0.00,0.00,0,0
1446470116,s2-eth2,27192.00,1220344.00,1247536.00,1220344,27192,412.00,412.00,824.00,412,412,0.00,0.00,0,0
1446470116,s1-eth3,27192.00,1220344.00,1247536.00,1220344,27192,412.00,412.00,824.00,412,412,0.00,0.00,0,0
1446470116,s1-eth1,1220344.00,27192.00,1247536.00,27192,1220344,412.00,412.00,824.00,412,412,0.00,0.00,0,0
1446470116,s1-eth2,0.00,0.00,0.00,0,0,0.00,0.00,0.00,0,0,0.00,0.00,0,0
1446470116,total,2495416.00,2495416.00,4990832.00,2495416,2495416,1654.00,1654.00,3308.00,1654,1654,0.00,0.00,0,0
1446470117,lo,0.00,0.00,0.00,0,0,0.00,0.00,0.00,0,0,0.00,0.00,0,0
1446470117,s1,0.00,0.00,0.00,0,0,0.00,0.00,0.00,0,0,0.00,0.00,0,0
1446470117,eth0,0.00,0.00,0.00,0,0,0.00,0.00,0.00,0,0,0.00,0.00,0,0
1446470117,s2,0.00,0.00,0.00,0,0,0.00,0.00,0.00,0,0,0.00,0.00,0,0
1446470117,eth1,0.00,0.00,0.00,0,0,0.00,0.00,0.00,0,0,0.00,0.00,0,0
1446470117,s2-eth1,1219124.91,27098.90,1246223.81,27126,1220344,411.59,410.59,822.18,411,412,0.00,0.00,0,0
1446470117,s2-eth2,27164.84,1219124.91,1246289.74,1220344,27192,411.59,411.59,823.18,412,412,0.00,0.00,0,0
1446470117,s1-eth3,27098.90,1219124.91,1246223.81,1220344,27126,410.59,411.59,822.18,412,411,0.00,0.00,0,0
1446470117,s1-eth1,1219124.91,27164.84,1246289.74,27192,1220344,411.59,411.59,823.18,412,412,0.00,0.00,0,0
1446470117,s1-eth2,0.00,0.00,0.00,0,0,0.00,0.00,0.00,0,0,0.00,0.00,0,0
1446470117,total,2492513.55,2492513.55,4985027.11,2495006,2495006,1645.35,1645.35,3290.71,1647,1647,0.00,0.00,0,0
1446470118,lo,0.00,0.00,0.00,0,0,0.00,0.00,0.00,0,0,0.00,0.00,0,0
1446470118,s1,0.00,0.00,0.00,0,0,0.00,0.00,0.00,0,0,0.00,0.00,0,0
1446470118,eth0,0.00,0.00,0.00,0,0,0.00,0.00,0.00,0,0,0.00,0.00,0,0
1446470118,s2,0.00,0.00,0.00,0,0,0.00,0.00,0.00,0,0,0.00,0.00,0,0
1446470118,eth1,0.00,0.00,0.00,0,0,0.00,0.00,0.00,0,0,0.00,0.00,0,0
1446470118,s2-eth1,1203092.94,27032.97,1230125.91,27060,1204296,475.52,409.59,885.11,410,476,0.00,0.00,0,0
1446470118,s2-eth2,26967.03,1203092.94,1230059.97,1204296,26994,408.59,475.52,884.12,476,409,0.00,0.00,0,0
1446470118,s1-eth3,27032.97,1203092.94,1230125.91,1204296,27060,409.59,475.52,885.11,476,410,0.00,0.00,0,0
1446470118,s1-eth1,1203092.94,26967.03,1230059.97,26994,1204296,475.52,408.59,884.12,409,476,0.00,0.00,0,0
1446470118,s1-eth2,0.00,0.00,0.00,0,0,0.00,0.00,0.00,0,0,0.00,0.00,0,0
1446470118,total,2460185.88,2460185.88,4920371.76,2462646,2462646,1769.23,1769.23,3538.46,1771,1771,0.00,0.00,0,0
1446470119,lo,0.00,0.00,0.00,0,0,0.00,0.00,0.00,0,0,0.00,0.00,0,0
1446470119,s1,0.00,0.00,0.00,0,0,0.00,0.00,0.00,0,0,0.00,0.00,0,0
1446470119,eth0,0.00,0.00,0.00,0,0,0.00,0.00,0.00,0,0,0.00,0.00,0,0
1446470119,s2,0.00,0.00,0.00,0,0,0.00,0.00,0.00,0,0,0.00,0.00,0,0
1446470119,eth1,0.00,0.00,0.00,0,0,0.00,0.00,0.00,0,0,0.00,0.00,0,0
1446470119,s2-eth1,1222083.95,27164.84,1249248.79,27192,1223306,412.59,411.59,824.18,412,413,0.00,0.00,0,0
1446470119,s2-eth2,27164.84,1222083.95,1249248.79,1223306,27192,411.59,412.59,824.18,413,412,0.00,0.00,0,0
1446470119,s1-eth3,27164.84,1222083.95,1249248.79,1223306,27192,411.59,412.59,824.18,413,412,0.00,0.00,0,0
1446470119,s1-eth1,1219124.91,27164.84,1246289.74,27192,1220344,411.59,411.59,823.18,412,412,0.00,0.00,0,0
1446470119,s1-eth2,0.00,0.00,0.00,0,0,0.00,0.00,0.00,0,0,0.00,0.00,0,0
1446470119,total,2495538.53,2498497.57,4994036.10,2500996,2498034,1647.35,1648.35,3295.70,1650,1649,0.00,0.00,0,0
1446470120,lo,0.00,0.00,0.00,0,0,0.00,0.00,0.00,0,0,0.00,0.00,0,0
1446470120,s1,0.00,0.00,0.00,0,0,0.00,0.00,0.00,0,0,0.00,0.00,0,0
1446470120,eth0,0.00,0.00,0.00,0,0,0.00,0.00,0.00,0,0,0.00,0.00,0,0
1446470120,s2,0.00,0.00,0.00,0,0,0.00,0.00,0.00,0,0,0.00,0.00,0,0
1446470120,eth1,0.00,0.00,0.00,0,0,0.00,0.00,0.00,0,0,0.00,0.00,0,0
1446470120,s2-eth1,1219124.91,27164.84,1246289.74,27192,1220344,411.59,411.59,823.18,412,412,0.00,0.00,0,0
1446470120,s2-eth2,27164.84,1219124.91,1246289.74,1220344,27192,411.59,411.59,823.18,412,412,0.00,0.00,0,0
1446470120,s1-eth3,27164.84,1219124.91,1246289.74,1220344,27192,411.59,411.59,823.18,412,412,0.00,0.00,0,0
1446470120,s1-eth1,1219124.91,27164.84,1246289.74,27192,1220344,411.59,411.59,823.18,412,412,0.00,0.00,0,0
1446470120,s1-eth2,0.00,0.00,0.00,0,0,0.00,0.00,0.00,0,0,0.00,0.00,0,0
1446470120,total,2492579.49,2492579.49,4985158.98,2495072,2495072,1646.35,1646.35,3292.71,1648,1648,0.00,0.00,0,0
1446470121,lo,343.66,343.66,687.31,344,344,5.99,5.99,11.99,6,6,0.00,0.00,0,0
1446470121,s1,0.00,0.00,0.00,0,0,0.00,0.00,0.00,0,0,0.00,0.00,0,0
1446470121,eth0,0.00,0.00,0.00,0,0,0.00,0.00,0.00,0,0,0.00,0.00,0,0
1446470121,s2,0.00,0.00,0.00,0,0,0.00,0.00,0.00,0,0,0.00,0.00,0,0
1446470121,eth1,0.00,0.00,0.00,0,0,0.00,0.00,0.00,0,0,0.00,0.00,0,0
1446470121,s2-eth1,1222083.95,27230.77,1249314.72,27258,1223306,412.59,412.59,825.17,413,413,0.00,0.00,0,0
1446470121,s2-eth2,27230.77,1222083.95,1249314.72,1223306,27258,412.59,412.59,825.17,413,413,0.00,0.00,0,0
1446470121,s1-eth3,27230.77,1222083.95,1249314.72,1223306,27258,412.59,412.59,825.17,413,413,0.00,0.00,0,0
1446470121,s1-eth1,1222083.95,27296.70,1249380.65,27324,1223306,412.59,413.59,826.17,414,413,0.00,0.00,0,0
1446470121,s1-eth2,0.00,0.00,0.00,0,0,0.00,0.00,0.00,0,0,0.00,0.00,0,0
1446470121,total,2498973.09,2499039.03,4998012.12,2501538,2501472,1656.34,1657.34,3313.69,1659,1658,0.00,0.00,0,0
1446470122,lo,0.00,0.00,0.00,0,0,0.00,0.00,0.00,0,0,0.00,0.00,0,0
1446470122,s1,0.00,0.00,0.00,0,0,0.00,0.00,0.00,0,0,0.00,0.00,0,0
1446470122,eth0,0.00,0.00,0.00,0,0,0.00,0.00,0.00,0,0,0.00,0.00,0,0
1446470122,s2,0.00,0.00,0.00,0,0,0.00,0.00,0.00,0,0,0.00,0.00,0,0
1446470122,eth1,0.00,0.00,0.00,0,0,0.00,0.00,0.00,0,0,0.00,0.00,0,0
1446470122,s2-eth1,1223306.00,27192.00,1250498.00,27192,1223306,413.00,412.00,825.00,412,413,0.00,0.00,0,0
1446470122,s2-eth2,27258.00,1223306.00,1250564.00,1223306,27258,413.00,413.00,826.00,413,413,0.00,0.00,0,0
1446470122,s1-eth3,27192.00,1223306.00,1250498.00,1223306,27192,412.00,413.00,825.00,413,412,0.00,0.00,0,0
1446470122,s1-eth1,1223306.00,27192.00,1250498.00,27192,1223306,413.00,412.00,825.00,412,413,0.00,0.00,0,0
1446470122,s1-eth2,0.00,0.00,0.00,0,0,0.00,0.00,0.00,0,0,0.00,0.00,0,0
1446470122,total,2501062.00,2500996.00,5002058.00,2500996,2501062,1651.00,1650.00,3301.00,1650,1651,0.00,0.00,0,0
1446470123,lo,0.00,0.00,0.00,0,0,0.00,0.00,0.00,0,0,0.00,0.00,0,0
1446470123,s1,0.00,0.00,0.00,0,0,0.00,0.00,0.00,0,0,0.00,0.00,0,0
1446470123,eth0,0.00,0.00,0.00,0,0,0.00,0.00,0.00,0,0,0.00,0.00,0,0
1446470123,s2,0.00,0.00,0.00,0,0,0.00,0.00,0.00,0,0,0.00,0.00,0,0
1446470123,eth1,0.00,0.00,0.00,0,0,0.00,0.00,0.00,0,0,0.00,0.00,0,0
1446470123,s2-eth1,1219124.91,27230.77,1246355.68,27258,1220344,411.59,412.59,824.18,413,412,0.00,0.00,0,0
1446470123,s2-eth2,27230.77,1219124.91,1246355.68,1220344,27258,412.59,411.59,824.18,412,413,0.00,0.00,0,0
1446470123,s1-eth3,27230.77,1219124.91,1246355.68,1220344,27258,412.59,411.59,824.18,412,413,0.00,0.00,0,0
1446470123,s1-eth1,1219124.91,27230.77,1246355.68,27258,1220344,411.59,412.59,824.18,413,412,0.00,0.00,0,0
1446470123,s1-eth2,0.00,0.00,0.00,0,0,0.00,0.00,0.00,0,0,0.00,0.00,0,0
1446470123,total,2492711.36,2492711.36,4985422.71,2495204,2495204,1648.35,1648.35,3296.70,1650,1650,0.00,0.00,0,0
1446470124,lo,0.00,0.00,0.00,0,0,0.00,0.00,0.00,0,0,0.00,0.00,0,0
1446470124,s1,0.00,0.00,0.00,0,0,0.00,0.00,0.00,0,0,0.00,0.00,0,0
1446470124,eth0,0.00,0.00,0.00,0,0,0.00,0.00,0.00,0,0,0.00,0.00,0,0
1446470124,s2,0.00,0.00,0.00,0,0,0.00,0.00,0.00,0,0,0.00,0.00,0,0
1446470124,eth1,0.00,0.00,0.00,0,0,0.00,0.00,0.00,0,0,0.00,0.00,0,0
1446470124,s2-eth1,1222083.95,27230.77,1249314.72,27258,1223306,412.59,412.59,825.17,413,413,0.00,0.00,0,0
1446470124,s2-eth2,27230.77,1225042.99,1252273.76,1226268,27258,412.59,413.59,826.17,414,413,0.00,0.00,0,0
1446470124,s1-eth3,27230.77,1225042.99,1252273.76,1226268,27258,412.59,413.59,826.17,414,413,0.00,0.00,0,0
1446470124,s1-eth1,1225042.99,27230.77,1252273.76,27258,1226268,413.59,412.59,826.17,413,414,0.00,0.00,0,0
1446470124,s1-eth2,0.00,0.00,0.00,0,0,0.00,0.00,0.00,0,0,0.00,0.00,0,0
1446470124,total,2501588.48,2504547.52,5006136.00,2507052,2504090,1651.35,1652.35,3303.70,1654,1653,0.00,0.00,0,0
1446470125,lo,0.00,0.00,0.00,0,0,0.00,0.00,0.00,0,0,0.00,0.00,0,0
1446470125,s1,0.00,0.00,0.00,0,0,0.00,0.00,0.00,0,0,0.00,0.00,0,0
1446470125,eth0,0.00,0.00,0.00,0,0,0.00,0.00,0.00,0,0,0.00,0.00,0,0
1446470125,s2,0.00,0.00,0.00,0,0,0.00,0.00,0.00,0,0,0.00,0.00,0,0
1446470125,eth1,0.00,0.00,0.00,0,0,0.00,0.00,0.00,0,0,0.00,0.00,0,0
1446470125,s2-eth1,1222083.95,27230.77,1249314.72,27258,1223306,412.59,412.59,825.17,413,413,0.00,0.00,0,0
1446470125,s2-eth2,27230.77,1222083.95,1249314.72,1223306,27258,412.59,412.59,825.17,413,413,0.00,0.00,0,0
1446470125,s1-eth3,27230.77,1222083.95,1249314.72,1223306,27258,412.59,412.59,825.17,413,413,0.00,0.00,0,0
1446470125,s1-eth1,1222083.95,27230.77,1249314.72,27258,1223306,412.59,412.59,825.17,413,413,0.00,0.00,0,0
1446470125,s1-eth2,0.00,0.00,0.00,0,0,0.00,0.00,0.00,0,0,0.00,0.00,0,0
1446470125,total,2498629.44,2498629.44,4997258.88,2501128,2501128,1650.35,1650.35,3300.70,1652,1652,0.00,0.00,0,0
1446470126,lo,343.66,343.66,687.31,344,344,5.99,5.99,11.99,6,6,0.00,0.00,0,0
1446470126,s1,0.00,0.00,0.00,0,0,0.00,0.00,0.00,0,0,0.00,0.00,0,0
1446470126,eth0,0.00,0.00,0.00,0,0,0.00,0.00,0.00,0,0,0.00,0.00,0,0
1446470126,s2,0.00,0.00,0.00,0,0,0.00,0.00,0.00,0,0,0.00,0.00,0,0
1446470126,eth1,0.00,0.00,0.00,0,0,0.00,0.00,0.00,0,0,0.00,0.00,0,0
1446470126,s2-eth1,1225042.99,27230.77,1252273.76,27258,1226268,413.59,412.59,826.17,413,414,0.00,0.00,0,0
1446470126,s2-eth2,27230.77,1222083.95,1249314.72,1223306,27258,412.59,412.59,825.17,413,413,0.00,0.00,0,0
1446470126,s1-eth3,27230.77,1222083.95,1249314.72,1223306,27258,412.59,412.59,825.17,413,413,0.00,0.00,0,0
1446470126,s1-eth1,1222083.95,27230.77,1249314.72,27258,1223306,412.59,412.59,825.17,413,413,0.00,0.00,0,0
1446470126,s1-eth2,0.00,0.00,0.00,0,0,0.00,0.00,0.00,0,0,0.00,0.00,0,0
1446470126,total,2501932.14,2498973.09,5000905.23,2501472,2504434,1657.34,1656.34,3313.69,1658,1659,0.00,0.00,0,0
1446470127,lo,0.00,0.00,0.00,0,0,0.00,0.00,0.00,0,0,0.00,0.00,0,0
1446470127,s1,0.00,0.00,0.00,0,0,0.00,0.00,0.00,0,0,0.00,0.00,0,0
1446470127,eth0,0.00,0.00,0.00,0,0,0.00,0.00,0.00,0,0,0.00,0.00,0,0
1446470127,s2,0.00,0.00,0.00,0,0,0.00,0.00,0.00,0,0,0.00,0.00,0,0
1446470127,eth1,0.00,0.00,0.00,0,0,0.00,0.00,0.00,0,0,0.00,0.00,0,0
1446470127,s2-eth1,1222083.95,27296.70,1249380.65,27324,1223306,412.59,413.59,826.17,414,413,0.00,0.00,0,0
1446470127,s2-eth2,27296.70,1222083.95,1249380.65,1223306,27324,413.59,412.59,826.17,413,414,0.00,0.00,0,0
1446470127,s1-eth3,27296.70,1222083.95,1249380.65,1223306,27324,413.59,412.59,826.17,413,414,0.00,0.00,0,0
1446470127,s1-eth1,1222083.95,27230.77,1249314.72,27258,1223306,412.59,412.59,825.17,413,413,0.00,0.00,0,0
1446470127,s1-eth2,0.00,0.00,0.00,0,0,0.00,0.00,0.00,0,0,0.00,0.00,0,0
1446470127,total,2498761.31,2498695.37,4997456.68,2501194,2501260,1652.35,1651.35,3303.70,1653,1654,0.00,0.00,0,0
1446470128,lo,0.00,0.00,0.00,0,0,0.00,0.00,0.00,0,0,0.00,0.00,0,0
1446470128,s1,0.00,0.00,0.00,0,0,0.00,0.00,0.00,0,0,0.00,0.00,0,0
1446470128,eth0,0.00,0.00,0.00,0,0,0.00,0.00,0.00,0,0,0.00,0.00,0,0
1446470128,s2,0.00,0.00,0.00,0,0,0.00,0.00,0.00,0,0,0.00,0.00,0,0
1446470128,eth1,0.00,0.00,0.00,0,0,0.00,0.00,0.00,0,0,0.00,0.00,0,0
1446470128,s2-eth1,1224267.77,27164.84,1251432.60,27192,1225492,489.51,411.59,901.10,412,490,0.00,0.00,0,0
1446470128,s2-eth2,27164.84,1227226.81,1254391.64,1228454,27192,411.59,490.51,902.10,491,412,0.00,0.00,0,0
1446470128,s1-eth3,27230.77,1227226.81,1254457.58,1228454,27258,412.59,490.51,903.10,491,413,0.00,0.00,0,0
1446470128,s1-eth1,1227226.81,27230.77,1254457.58,27258,1228454,490.51,412.59,903.10,413,491,0.00,0.00,0,0
1446470128,s1-eth2,0.00,0.00,0.00,0,0,0.00,0.00,0.00,0,0,0.00,0.00,0,0
1446470128,total,2505890.18,2508849.22,5014739.40,2511358,2508396,1804.20,1805.19,3609.39,1807,1806,0.00,0.00,0,0
1446470129,lo,0.00,0.00,0.00,0,0,0.00,0.00,0.00,0,0,0.00,0.00,0,0
1446470129,s1,0.00,0.00,0.00,0,0,0.00,0.00,0.00,0,0,0.00,0.00,0,0
1446470129,eth0,0.00,0.00,0.00,0,0,0.00,0.00,0.00,0,0,0.00,0.00,0,0
1446470129,s2,0.00,0.00,0.00,0,0,0.00,0.00,0.00,0,0,0.00,0.00,0,0
1446470129,eth1,0.00,0.00,0.00,0,0,0.00,0.00,0.00,0,0,0.00,0.00,0,0
1446470129,s2-eth1,1222083.95,27164.84,1249248.79,27192,1223306,412.59,411.59,824.18,412,413,0.00,0.00,0,0
1446470129,s2-eth2,27164.84,1219124.91,1246289.74,1220344,27192,411.59,411.59,823.18,412,412,0.00,0.00,0,0
1446470129,s1-eth3,27098.90,1219124.91,1246223.81,1220344,27126,410.59,411.59,822.18,412,411,0.00,0.00,0,0
1446470129,s1-eth1,1219124.91,27164.84,1246289.74,27192,1220344,411.59,411.59,823.18,412,412,0.00,0.00,0,0
1446470129,s1-eth2,0.00,0.00,0.00,0,0,0.00,0.00,0.00,0,0,0.00,0.00,0,0
1446470129,total,2495472.60,2492579.49,4988052.08,2495072,2497968,1646.35,1646.35,3292.71,1648,1648,0.00,0.00,0,0
1446470130,lo,0.00,0.00,0.00,0,0,0.00,0.00,0.00,0,0,0.00,0.00,0,0
1446470130,s1,0.00,0.00,0.00,0,0,0.00,0.00,0.00,0,0,0.00,0.00,0,0
1446470130,eth0,0.00,0.00,0.00,0,0,0.00,0.00,0.00,0,0,0.00,0.00,0,0
1446470130,s2,0.00,0.00,0.00,0,0,0.00,0.00,0.00,0,0,0.00,0.00,0,0
1446470130,eth1,0.00,0.00,0.00,0,0,0.00,0.00,0.00,0,0,0.00,0.00,0,0
1446470130,s2-eth1,1219124.91,27230.77,1246355.68,27258,1220344,411.59,412.59,824.18,413,412,0.00,0.00,0,0
1446470130,s2-eth2,27164.84,1219124.91,1246289.74,1220344,27192,411.59,411.59,823.18,412,412,0.00,0.00,0,0
1446470130,s1-eth3,27230.77,1219124.91,1246355.68,1220344,27258,412.59,411.59,824.18,412,413,0.00,0.00,0,0
1446470130,s1-eth1,1219124.91,27230.77,1246355.68,27258,1220344,411.59,412.59,824.18,413,412,0.00,0.00,0,0
1446470130,s1-eth2,0.00,0.00,0.00,0,0,0.00,0.00,0.00,0,0,0.00,0.00,0,0
1446470130,total,2492645.42,2492711.36,4985356.78,2495204,2495138,1647.35,1648.35,3295.70,1650,1649,0.00,0.00,0,0
1446470131,lo,343.66,343.66,687.31,344,344,5.99,5.99,11.99,6,6,0.00,0.00,0,0
1446470131,s1,0.00,0.00,0.00,0,0,0.00,0.00,0.00,0,0,0.00,0.00,0,0
1446470131,eth0,0.00,0.00,0.00,0,0,0.00,0.00,0.00,0,0,0.00,0.00,0,0
1446470131,s2,0.00,0.00,0.00,0,0,0.00,0.00,0.00,0,0,0.00,0.00,0,0
1446470131,eth1,0.00,0.00,0.00,0,0,0.00,0.00,0.00,0,0,0.00,0.00,0,0
1446470131,s2-eth1,1222083.95,27230.77,1249314.72,27258,1223306,412.59,412.59,825.17,413,413,0.00,0.00,0,0
1446470131,s2-eth2,27296.70,1225042.99,1252339.69,1226268,27324,413.59,413.59,827.17,414,414,0.00,0.00,0,0
1446470131,s1-eth3,27230.77,1225042.99,1252273.76,1226268,27258,412.59,413.59,826.17,414,413,0.00,0.00,0,0
1446470131,s1-eth1,1225042.99,27230.77,1252273.76,27258,1226268,413.59,412.59,826.17,413,414,0.00,0.00,0,0
1446470131,s1-eth2,0.00,0.00,0.00,0,0,0.00,0.00,0.00,0,0,0.00,0.00,0,0
1446470131,total,2501998.07,2504891.18,5006889.25,2507396,2504500,1658.34,1658.34,3316.68,1660,1660,0.00,0.00,0,0
1446470132,lo,0.00,0.00,0.00,0,0,0.00,0.00,0.00,0,0,0.00,0.00,0,0
1446470132,s1,0.00,0.00,0.00,0,0,0.00,0.00,0.00,0,0,0.00,0.00,0,0
1446470132,eth0,0.00,0.00,0.00,0,0,0.00,0.00,0.00,0,0,0.00,0.00,0,0
1446470132,s2,0.00,0.00,0.00,0,0,0.00,0.00,0.00,0,0,0.00,0.00,0,0
1446470132,eth1,0.00,0.00,0.00,0,0,0.00,0.00,0.00,0,0,0.00,0.00,0,0
1446470132,s2-eth1,1222083.95,27230.77,1249314.72,27258,1223306,412.59,412.59,825.17,413,413,0.00,0.00,0,0
1446470132,s2-eth2,27230.77,1219124.91,1246355.68,1220344,27258,412.59,411.59,824.18,412,413,0.00,0.00,0,0
1446470132,s1-eth3,27230.77,1219124.91,1246355.68,1220344,27258,412.59,411.59,824.18,412,413,0.00,0.00,0,0
1446470132,s1-eth1,1219124.91,27230.77,1246355.68,27258,1220344,411.59,412.59,824.18,413,412,0.00,0.00,0,0
1446470132,s1-eth2,0.00,0.00,0.00,0,0,0.00,0.00,0.00,0,0,0.00,0.00,0,0
1446470132,total,2495670.40,2492711.36,4988381.75,2495204,2498166,1649.35,1648.35,3297.70,1650,1651,0.00,0.00,0,0
1446470133,lo,0.00,0.00,0.00,0,0,0.00,0.00,0.00,0,0,0.00,0.00,0,0
1446470133,s1,0.00,0.00,0.00,0,0,0.00,0.00,0.00,0,0,0.00,0.00,0,0
1446470133,eth0,0.00,0.00,0.00,0,0,0.00,0.00,0.00,0,0,0.00,0.00,0,0
1446470133,s2,0.00,0.00,0.00,0,0,0.00,0.00,0.00,0,0,0.00,0.00,0,0
1446470133,eth1,0.00,0.00,0.00,0,0,0.00,0.00,0.00,0,0,0.00,0.00,0,0
1446470133,s2-eth1,1222083.95,27230.77,1249314.72,27258,1223306,412.59,412.59,825.17,413,413,0.00,0.00,0,0
1446470133,s2-eth2,27164.84,1222083.95,1249248.79,1223306,27192,411.59,412.59,824.18,413,412,0.00,0.00,0,0
1446470133,s1-eth3,27230.77,1222083.95,1249314.72,1223306,27258,412.59,412.59,825.17,413,413,0.00,0.00,0,0
1446470133,s1-eth1,1222083.95,27164.84,1249248.79,27192,1223306,412.59,411.59,824.18,412,413,0.00,0.00,0,0
1446470133,s1-eth2,0.00,0.00,0.00,0,0,0.00,0.00,0.00,0,0,0.00,0.00,0,0
1446470133,total,2498563.50,2498563.50,4997127.01,2501062,2501062,1649.35,1649.35,3298.70,1651,1651,0.00,0.00,0,0
1446470134,lo,0.00,0.00,0.00,0,0,0.00,0.00,0.00,0,0,0.00,0.00,0,0
1446470134,s1,0.00,0.00,0.00,0,0,0.00,0.00,0.00,0,0,0.00,0.00,0,0
1446470134,eth0,0.00,0.00,0.00,0,0,0.00,0.00,0.00,0,0,0.00,0.00,0,0
1446470134,s2,0.00,0.00,0.00,0,0,0.00,0.00,0.00,0,0,0.00,0.00,0,0
1446470134,eth1,0.00,0.00,0.00,0,0,0.00,0.00,0.00,0,0,0.00,0.00,0,0
1446470134,s2-eth1,1222083.95,27230.77,1249314.72,27258,1223306,412.59,412.59,825.17,413,413,0.00,0.00,0,0
1446470134,s2-eth2,27269.46,1220864.30,1248133.77,1223306,27324,413.17,412.18,825.35,413,414,0.00,0.00,0,0
1446470134,s1-eth3,27203.59,1220864.30,1248067.90,1223306,27258,412.18,412.18,824.35,413,413,0.00,0.00,0,0
1446470134,s1-eth1,1220864.30,27269.46,1248133.77,27324,1223306,412.18,413.17,825.35,414,413,0.00,0.00,0,0
1446470134,s1-eth2,0.00,0.00,0.00,0,0,0.00,0.00,0.00,0,0,0.00,0.00,0,0
1446470134,total,2496201.66,2496201.66,4992403.33,2501194,2501194,1649.70,1649.70,3299.40,1653,1653,0.00,0.00,0,0
1446470135,lo,0.00,0.00,0.00,0,0,0.00,0.00,0.00,0,0,0.00,0.00,0,0
1446470135,s1,0.00,0.00,0.00,0,0,0.00,0.00,0.00,0,0,0.00,0.00,0,0
1446470135,eth0,0.00,0.00,0.00,0,0,0.00,0.00,0.00,0,0,0.00,0.00,0,0
1446470135,s2,0.00,0.00,0.00,0,0