1446470039,lo,0.00,0.00,0.00,0,0,0.00,0.00,0.00,0,0,0.00,0.00,0,0
1446470039,s1,0.00,0.00,0.00,0,0,0.00,0.00,0.00,0,0,0.00,0.00,0,0
1446470039,eth0,0.00,0.00,0.00,0,0,0.00,0.00,0.00,0,0,0.00,0.00,0,0
1446470039,eth1,0.00,0.00,0.00,0,0,0.00,0.00,0.00,0,0,0.00,0.00,0,0
1446470039,s1-eth1,0.00,0.00,0.00,0,0,0.00,0.00,0.00,0,0,0.00,0.00,0,0
1446470039,s1-eth2,0.00,0.00,0.00,0,0,0.00,0.00,0.00,0,0,0.00,0.00,0,0
1446470039,total,0.00,0.00,0.00,0,0,0.00,0.00,0.00,0,0,0.00,0.00,0,0
1446470040,lo,844.00,844.00,1688.00,844,844,9.00,9.00,18.00,9,9,0.00,0.00,0,0
1446470040,s1,0.00,250.00,250.00,250,0,0.00,3.00,3.00,3,0,0.00,0.00,0,0
1446470040,eth0,0.00,0.00,0.00,0,0,0.00,0.00,0.00,0,0,0.00,0.00,0,0
1446470040,eth1,0.00,120.00,120.00,120,0,0.00,2.00,2.00,2,0,0.00,0.00,0,0
1446470040,s1-eth1,1223466.00,27348.00,1250814.00,27348,1223466,415.00,414.00,829.00,414,415,0.00,0.00,0,0
1446470040,s1-eth2,27414.00,1223466.00,1250880.00,1223466,27414,415.00,415.00,830.00,415,415,0.00,0.00,0,0
1446470040,total,1251724.00,1252028.00,2503752.00,1252028,1251724,839.00,843.00,1682.00,843,839,0.00,0.00,0,0
1446470041,lo,288.00,288.00,576.00,288,288,3.00,3.00,6.00,3,3,0.00,0.00,0,0
1446470041,s1,0.00,90.00,90.00,90,0,0.00,1.00,1.00,1,0,0.00,0.00,0,0
1446470041,eth0,0.00,0.00,0.00,0,0,0.00,0.00,0.00,0,0,0.00,0.00,0,0
1446470041,eth1,0.00,60.00,60.00,60,0,0.00,1.00,1.00,1,0,0.00,0.00,0,0
1446470041,s1-eth1,1223396.00,27192.00,1250588.00,27192,1223396,414.00,412.00,826.00,412,414,0.00,0.00,0,0
1446470041,s1-eth2,27126.00,1223396.00,1250522.00,1223396,27126,411.00,414.00,825.00,414,411,0.00,0.00,0,0
1446470041,total,1250810.00,1251026.00,2501836.00,1251026,1250810,828.00,831.00,1659.00,831,828,0.00,0.00,0,0
1446470042,lo,0.00,0.00,0.00,0,0,0.00,0.00,0.00,0,0,0.00,0.00,0,0
1446470042,s1,0.00,0.00,0.00,0,0,0.00,0.00,0.00,0,0,0.00,0.00,0,0
1446470042,eth0,0.00,0.00,0.00,0,0,0.00,0.00,0.00,0,0,0.00,0.00,0,0
1446470042,eth1,0.00,0.00,0.00,0,0,0.00,0.00,0.00,0,0,0.00,0.00,0,0
1446470042,s1-eth1,1219124.91,27230.77,1246355.68,27258,1220344,411.59,412.59,824.18,413,412,0.00,0.00,0,0
1446470042,s1-eth2,27296.70,1219124.91,1246421.61,1220344,27324,413.59,411.59,825.17,412,414,0.00,0.00,0,0
1446470042,total,1246421.61,1246355.68,2492777.29,1247602,1247668,825.17,824.18,1649.35,825,826,0.00,0.00,0,0
1446470043,lo,268.00,268.00,536.00,268,268,3.00,3.00,6.00,3,3,0.00,0.00,0,0
1446470043,s1,0.00,70.00,70.00,70,0,0.00,1.00,1.00,1,0,0.00,0.00,0,0
1446470043,eth0,0.00,0.00,0.00,0,0,0.00,0.00,0.00,0,0,0.00,0.00,0,0
1446470043,eth1,0.00,120.00,120.00,120,0,0.00,2.00,2.00,2,0,0.00,0.00,0,0
1446470043,s1-eth1,1205600.00,26866.00,1232466.00,26866,1205600,408.00,407.00,815.00,407,408,0.00,0.00,0,0
1446470043,s1-eth2,26932.00,1205600.00,1232532.00,1205600,26932,408.00,408.00,816.00,408,408,0.00,0.00,0,0
1446470043,total,1232800.00,1232924.00,2465724.00,1232924,1232800,819.00,821.00,1640.00,821,819,0.00,0.00,0,0
1446470044,lo,268.00,268.00,536.00,268,268,3.00,3.00,6.00,3,3,0.00,0.00,0,0
1446470044,s1,0.00,70.00,70.00,70,0,0.00,1.00,1.00,1,0,0.00,0.00,0,0
1446470044,eth0,0.00,0.00,0.00,0,0,0.00,0.00,0.00,0,0,0.00,0.00,0,0
1446470044,eth1,0.00,60.00,60.00,60,0,0.00,1.00,1.00,1,0,0.00,0.00,0,0
1446470044,s1-eth1,1223376.00,27258.00,1250634.00,27258,1223376,414.00,413.00,827.00,413,414,0.00,0.00,0,0
1446470044,s1-eth2,27230.77,1222153.88,1249384.65,1223376,27258,412.59,413.59,826.17,414,413,0.00,0.00,0,0
1446470044,total,1249652.38,1249782.25,2499434.63,1251032,1250902,829.17,831.17,1660.34,832,830,0.00,0.00,0,0
1446470045,lo,0.00,0.00,0.00,0,0,0.00,0.00,0.00,0,0,0.00,0.00,0,0
1446470045,s1,0.00,0.00,0.00,0,0,0.00,0.00,0.00,0,0,0.00,0.00,0,0
1446470045,eth0,0.00,0.00,0.00,0,0,0.00,0.00,0.00,0,0,0.00,0.00,0,0
1446470045,eth1,89.91,0.00,89.91,0,90,1.00,0.00,1.00,0,1,0.00,0.00,0,0
1446470045,s1-eth1,1219124.91,27230.77,1246355.68,27258,1220344,411.59,412.59,824.18,413,412,0.00,0.00,0,0
1446470045,s1-eth2,27192.00,1220344.00,1247536.00,1220344,27192,412.00,412.00,824.00,412,412,0.00,0.00,0,0
1446470045,total,1247626.00,1247602.00,2495228.00,1247602,1247626,825.00,825.00,1650.00,825,825,0.00,0.00,0,0
1446470046,lo,0.00,0.00,0.00,0,0,0.00,0.00,0.00,0,0,0.00,0.00,0,0
1446470046,s1,0.00,0.00,0.00,0,0,0.00,0.00,0.00,0,0,0.00,0.00,0,0
1446470046,eth0,0.00,0.00,0.00,0,0,0.00,0.00,0.00,0,0,0.00,0.00,0,0
1446470046,eth1,0.00,0.00,0.00,0,0,0.00,0.00,0.00,0,0,0.00,0.00,0,0
1446470046,s1-eth1,1223306.00,27258.00,1250564.00,27258,1223306,413.00,413.00,826.00,413,413,0.00,0.00,0,0
1446470046,s1-eth2,27258.00,1223306.00,1250564.00,1223306,27258,413.00,413.00,826.00,413,413,0.00,0.00,0,0
1446470046,total,1250564.00,1250564.00,2501128.00,1250564,1250564,826.00,826.00,1652.00,826,826,0.00,0.00,0,0
1446470047,lo,268.00,268.00,536.00,268,268,3.00,3.00,6.00,3,3,0.00,0.00,0,0
1446470047,s1,0.00,70.00,70.00,70,0,0.00,1.00,1.00,1,0,0.00,0.00,0,0
1446470047,eth0,0.00,0.00,0.00,0,0,0.00,0.00,0.00,0,0,0.00,0.00,0,0
1446470047,eth1,0.00,0.00,0.00,0,0,0.00,0.00,0.00,0,0,0.00,0.00,0,0
1446470047,s1-eth1,1223306.00,27328.00,1250634.00,27328,1223306,413.00,414.00,827.00,414,413,0.00,0.00,0,0
1446470047,s1-eth2,27328.00,1223306.00,1250634.00,1223306,27328,414.00,413.00,827.00,413,414,0.00,0.00,0,0
1446470047,total,1250902.00,1250972.00,2501874.00,1250972,1250902,830.00,831.00,1661.00,831,830,0.00,0.00,0,0
1446470048,lo,268.00,268.00,536.00,268,268,3.00,3.00,6.00,3,3,0.00,0.00,0,0
1446470048,s1,0.00,70.00,70.00,70,0,0.00,1.00,1.00,1,0,0.00,0.00,0,0
1446470048,eth0,0.00,0.00,0.00,0,0,0.00,0.00,0.00,0,0,0.00,0.00,0,0
1446470048,eth1,0.00,0.00,0.00,0,0,0.00,0.00,0.00,0,0,0.00,0.00,0,0
1446470048,s1-eth1,1225554.00,27192.00,1252746.00,27192,1225554,447.00,412.00,859.00,412,447,0.00,0.00,0,0
1446470048,s1-eth2,27258.00,1225554.00,1252812.00,1225554,27258,413.00,447.00,860.00,447,413,0.00,0.00,0,0
1446470048,total,1253080.00,1253084.00,2506164.00,1253084,1253080,863.00,863.00,1726.00,863,863,0.00,0.00,0,0
1446470049,lo,0.00,0.00,0.00,0,0,0.00,0.00,0.00,0,0,0.00,0.00,0,0
1446470049,s1,0.00,0.00,0.00,0,0,0.00,0.00,0.00,0,0,0.00,0.00,0,0
1446470049,eth0,0.00,0.00,0.00,0,0,0.00,0.00,0.00,0,0,0.00,0.00,0,0
1446470049,eth1,0.00,0.00,0.00,0,0,0.00,0.00,0.00,0,0,0.00,0.00,0,0
1446470049,s1-eth1,1223798.24,27296.70,1251094.94,27324,1225022,438.56,413.59,852.15,414,439,0.00,0.00,0,0
1446470049,s1-eth2,27230.77,1223798.24,1251029.01,1225022,27258,412.59,438.56,851.15,439,413,0.00,0.00,0,0
1446470049,total,1251029.01,1251094.94,2502123.94,1252346,1252280,851.15,852.15,1703.30,853,852,0.00,0.00,0,0
1446470050,lo,0.00,0.00,0.00,0,0,0.00,0.00,0.00,0,0,0.00,0.00,0,0
1446470050,s1,0.00,0.00,0.00,0,0,0.00,0.00,0.00,0,0,0.00,0.00,0,0
1446470050,eth0,0.00,0.00,0.00,0,0,0.00,0.00,0.00,0,0,0.00,0.00,0,0
1446470050,eth1,0.00,0.00,0.00,0,0,0.00,0.00,0.00,0,0,0.00,0.00,0,0
1446470050,s1-eth1,1225042.99,27230.77,1252273.76,27258,1226268,413.59,412.59,826.17,413,414,0.00,0.00,0,0
1446470050,s1-eth2,27230.77,1225042.99,1252273.76,1226268,27258,412.59,413.59,826.17,414,413,0.00,0.00,0,0
1446470050,total,1252273.76,1252273.76,2504547.52,1253526,1253526,826.17,826.17,1652.35,827,827,0.00,0.00,0,0
1446470051,lo,0.00,0.00,0.00,0,0,0.00,0.00,0.00,0,0,0.00,0.00,0,0
1446470051,s1,0.00,0.00,0.00,0,0,0.00,0.00,0.00,0,0,0.00,0.00,0,0
1446470051,eth0,0.00,0.00,0.00,0,0,0.00,0.00,0.00,0,0,0.00,0.00,0,0
1446470051,eth1,0.00,0.00,0.00,0,0,0.00,0.00,0.00,0,0,0.00,0.00,0,0
1446470051,s1-eth1,1222083.95,27296.70,1249380.65,27324,1223306,412.59,413.59,826.17,414,413,0.00,0.00,0,0
1446470051,s1-eth2,27296.70,1222083.95,1249380.65,1223306,27324,413.59,412.59,826.17,413,414,0.00,0.00,0,0
1446470051,total,1249380.65,1249380.65,2498761.31,1250630,1250630,826.17,826.17,1652.35,827,827,0.00,0.00,0,0
1446470052,lo,0.00,0.00,0.00,0,0,0.00,0.00,0.00,0,0,0.00,0.00,0,0
1446470052,s1,0.00,0.00,0.00,0,0,0.00,0.00,0.00,0,0,0.00,0.00,0,0
1446470052,eth0,0.00,0.00,0.00,0,0,0.00,0.00,0.00,0,0,0.00,0.00,0,0
1446470052,eth1,0.00,0.00,0.00,0,0,0.00,0.00,0.00,0,0,0.00,0.00,0,0
1446470052,s1-eth1,1220344.00,27192.00,1247536.00,27192,1220344,412.00,412.00,824.00,412,412,0.00,0.00,0,0
1446470052,s1-eth2,27192.00,1220344.00,1247536.00,1220344,27192,412.00,412.00,824.00,412,412,0.00,0.00,0,0
1446470052,total,1247536.00,1247536.00,2495072.00,1247536,1247536,824.00,824.00,1648.00,824,824,0.00,0.00,0,0
1446470053,lo,172.00,172.00,344.00,172,172,3.00,3.00,6.00,3,3,0.00,0.00,0,0
1446470053,s1,0.00,0.00,0.00,0,0,0.00,0.00,0.00,0,0,0.00,0.00,0,0
1446470053,eth0,0.00,0.00,0.00,0,0,0.00,0.00,0.00,0,0,0.00,0.00,0,0
1446470053,eth1,0.00,0.00,0.00,0,0,0.00,0.00,0.00,0,0,0.00,0.00,0,0
1446470053,s1-eth1,1226268.00,27258.00,1253526.00,27258,1226268,414.00,413.00,827.00,413,414,0.00,0.00,0,0
1446470053,s1-eth2,27258.00,1226268.00,1253526.00,1226268,27258,413.00,414.00,827.00,414,413,0.00,0.00,0,0
1446470053,total,1253698.00,1253698.00,2507396.00,1253698,1253698,830.00,830.00,1660.00,830,830,0.00,0.00,0,0
1446470054,lo,0.00,0.00,0.00,0,0,0.00,0.00,0.00,0,0,0.00,0.00,0,0
1446470054,s1,0.00,0.00,0.00,0,0,0.00,0.00,0.00,0,0,0.00,0.00,0,0
1446470054,eth0,0.00,0.00,0.00,0,0,0.00,0.00,0.00,0,0,0.00,0.00,0,0
1446470054,eth1,0.00,0.00,0.00,0,0,0.00,0.00,0.00,0,0,0.00,0.00,0,0
1446470054,s1-eth1,1204329.70,26901.10,1231230.80,26928,1205534,406.59,407.59,814.19,408,407,0.00,0.00,0,0
1446470054,s1-eth2,26901.10,1204329.70,1231230.80,1205534,26928,407.59,406.59,814.19,407,408,0.00,0.00,0,0
1446470054,total,1231230.80,1231230.80,2462461.61,1232462,1232462,814.19,814.19,1628.37,815,815,0.00,0.00,0,0
1446470055,lo,0.00,0.00,0.00,0,0,0.00,0.00,0.00,0,0,0.00,0.00,0,0
1446470055,s1,0.00,0.00,0.00,0,0,0.00,0.00,0.00,0,0,0.00,0.00,0,0
1446470055,eth0,0.00,0.00,0.00,0,0,0.00,0.00,0.00,0,0,0.00,0.00,0,0
1446470055,eth1,0.00,0.00,0.00,0,0,0.00,0.00,0.00,0,0,0.00,0.00,0,0
1446470055,s1-eth1,1227266.00,27258.00,1254524.00,27258,1227266,473.00,413.00,886.00,413,473,0.00,0.00,0,0
1446470055,s1-eth2,27258.00,1227266.00,1254524.00,1227266,27258,413.00,473.00,886.00,473,413,0.00,0.00,0,0
1446470055,total,1254524.00,1254524.00,2509048.00,1254524,1254524,886.00,886.00,1772.00,886,886,0.00,0.00,0,0
1446470056,lo,0.00,0.00,0.00,0,0,0.00,0.00,0.00,0,0,0.00,0.00,0,0
1446470056,s1,0.00,0.00,0.00,0,0,0.00,0.00,0.00,0,0,0.00,0.00,0,0
1446470056,eth0,0.00,0.00,0.00,0,0,0.00,0.00,0.00,0,0,0.00,0.00,0,0
1446470056,eth1,0.00,0.00,0.00,0,0,0.00,0.00,0.00,0,0,0.00,0.00,0,0
1446470056,s1-eth1,1223306.00,27258.00,1250564.00,27258,1223306,413.00,413.00,826.00,413,413,0.00,0.00,0,0
1446470056,s1-eth2,27258.00,1223306.00,1250564.00,1223306,27258,413.00,413.00,826.00,413,413,0.00,0.00,0,0
1446470056,total,1250564.00,1250564.00,2501128.00,1250564,1250564,826.00,826.00,1652.00,826,826,0.00,0.00,0,0
1446470057,lo,0.00,0.00,0.00,0,0,0.00,0.00,0.00,0,0,0.00,0.00,0,0
1446470057,s1,0.00,0.00,0.00,0,0,0.00,0.00,0.00,0,0,0.00,0.00,0,0
1446470057,eth0,0.00,0.00,0.00,0,0,0.00,0.00,0.00,0,0,0.00,0.00,0,0
1446470057,eth1,0.00,0.00,0.00,0,0,0.00,0.00,0.00,0,0,0.00,0.00,0,0
1446470057,s1-eth1,1222083.95,27230.77,1249314.72,27258,1223306,412.59,412.59,825.17,413,413,0.00,0.00,0,0
1446470057,s1-eth2,27230.77,1222083.95,1249314.72,1223306,27258,412.59,412.59,825.17,413,413,0.00,0.00,0,0
1446470057,total,1249314.72,1249314.72,2498629.44,1250564,1250564,825.17,825.17,1650.35,826,826,0.00,0.00,0,0
1446470058,lo,172.00,172.00,344.00,172,172,3.00,3.00,6.00,3,3,0.00,0.00,0,0
1446470058,s1,0.00,0.00,0.00,0,0,0.00,0.00,0.00,0,0,0.00,0.00,0,0
1446470058,eth0,0.00,0.00,0.00,0,0,0.00,0.00,0.00,0,0,0.00,0.00,0,0
1446470058,eth1,0.00,0.00,0.00,0,0,0.00,0.00,0.00,0,0,0.00,0.00,0,0
1446470058,s1-eth1,1223306.00,27192.00,1250498.00,27192,1223306,413.00,412.00,825.00,412,413,0.00,0.00,0,0
1446470058,s1-eth2,27258.00,1223306.00,1250564.00,1223306,27258,413.00,413.00,826.00,413,413,0.00,0.00,0,0
1446470058,total,1250736.00,1250670.00,2501406.00,1250670,1250736,829.00,828.00,1657.00,828,829,0.00,0.00,0,0
1446470059,lo,0.00,0.00,0.00,0,0,0.00,0.00,0.00,0,0,0.00,0.00,0,0
1446470059,s1,0.00,0.00,0.00,0,0,0.00,0.00,0.00,0,0,0.00,0.00,0,0
1446470059,eth0,0.00,0.00,0.00,0,0,0.00,0.00,0.00,0,0,0.00,0.00,0,0
1446470059,eth1,0.00,0.00,0.00,0,0,0.00,0.00,0.00,0,0,0.00,0.00,0,0
1446470059,s1-eth1,1223306.00,27258.00,1250564.00,27258,1223306,413.00,413.00,826.00,413,413,0.00,0.00,0,0
1446470059,s1-eth2,27258.00,1223306.00,1250564.00,1223306,27258,413.00,413.00,826.00,413,413,0.00,0.00,0,0
1446470059,total,1250564.00,1250564.00,2501128.00,1250564,1250564,826.00,826.00,1652.00,826,826,0.00,0.00,0,0
1446470060,lo,0.00,0.00,0.00,0,0,0.00,0.00,0.00,0,0,0.00,0.00,0,0
1446470060,s1,0.00,0.00,0.00,0,0,0.00,0.00,0.00,0,0,0.00,0.00,0,0
1446470060,eth0,0.00,0.00,0.00,0,0,0.00,0.00,0.00,0,0,0.00,0.00,0,0
1446470060,eth1,0.00,0.00,0.00,0,0,0.00,0.00,0.00,0,0,0.00,0.00,0,0
1446470060,s1-eth1,1223306.00,27324.00,1250630.00,27324,1223306,413.00,414.00,827.00,414,413,0.00,0.00,0,0
1446470060,s1-eth2,27258.00,1223306.00,1250564.00,1223306,27258,413.00,413.00,826.00,413,413,0.00,0.00,0,0
1446470060,total,1250564.00,1250630.00,2501194.00,1250630,1250564,826.00,827.00,1653.00,827,826,0.00,0.00,0,0
1446470061,lo,0.00,0.00,0.00,0,0,0.00,0.00,0.00,0,0,0.00,0.00,0,0
1446470061,s1,0.00,0.00,0.00,0,0,0.00,0.00,0.00,0,0,0.00,0.00,0,0
1446470061,eth0,0.00,0.00,0.00,0,0,0.00,0.00,0.00,0,0,0.00,0.00,0,0
1446470061,eth1,0.00,0.00,0.00,0,0,0.00,0.00,0.00,0,0,0.00,0.00,0,0
1446470061,s1-eth1,1222083.95,27230.77,1249314.72,27258,1223306,412.59,412.59,825.17,413,413,0.00,0.00,0,0
1446470061,s1-eth2,27230.77,1222083.95,1249314.72,1223306,27258,412.59,412.59,825.17,413,413,0.00,0.00,0,0
1446470061,total,1249314.72,1249314.72,2498629.44,1250564,1250564,825.17,825.17,1650.35,826,826,0.00,0.00,0,0
1446470062,lo,0.00,0.00,0.00,0,0,0.00,0.00,0.00,0,0,0.00,0.00,0,0
1446470062,s1,0.00,0.00,0.00,0,0,0.00,0.00,0.00,0,0,0.00,0.00,0,0
1446470062,eth0,0.00,0.00,0.00,0,0,0.00,0.00,0.00,0,0,0.00,0.00,0,0
1446470062,eth1,0.00,0.00,0.00,0,0,0.00,0.00,0.00,0,0,0.00,0.00,0,0
1446470062,s1-eth1,1230228.00,27258.00,1257486.00,27258,1230228,474.00,413.00,887.00,413,474,0.00,0.00,0,0
1446470062,s1-eth2,27258.00,1227266.00,1254524.00,1227266,27258,413.00,473.00,886.00,473,413,0.00,0.00,0,0
1446470062,total,1257486.00,1254524.00,2512010.00,1254524,1257486,887.00,886.00,1773.00,886,887,0.00,0.00,0,0
1446470063,lo,172.00,172.00,344.00,172,172,3.00,3.00,6.00,3,3,0.00,0.00,0,0
1446470063,s1,0.00,0.00,0.00,0,0,0.00,0.00,0.00,0,0,0.00,0.00,0,0
1446470063,eth0,0.00,0.00,0.00,0,0,0.00,0.00,0.00,0,0,0.00,0.00,0,0
1446470063,eth1,0.00,0.00,0.00,0,0,0.00,0.00,0.00,0,0,0.00,0.00,0,0
1446470063,s1-eth1,1220344.00,27258.00,1247602.00,27258,1220344,412.00,413.00,825.00,413,412,0.00,0.00,0,0
1446470063,s1-eth2,27258.00,1223306.00,1250564.00,1223306,27258,413.00,413.00,826.00,413,413,0.00,0.00,0,0
1446470063,total,1247774.00,1250736.00,2498510.00,1250736,1247774,828.00,829.00,1657.00,829,828,0.00,0.00,0,0
1446470064,lo,0.00,0.00,0.00,0,0,0.00,0.00,0.00,0,0,0.00,0.00,0,0
1446470064,s1,0.00,0.00,0.00,0,0,0.00,0.00,0.00,0,0,0.00,0.00,0,0
1446470064,eth0,0.00,0.00,0.00,0,0,0.00,0.00,0.00,0,0,0.00,0.00,0,0
1446470064,eth1,0.00,0.00,0.00,0,0,0.00,0.00,0.00,0,0,0.00,0.00,0,0
1446470064,s1-eth1,1223306.00,27192.00,1250498.00,27192,1223306,413.00,412.00,825.00,412,413,0.00,0.00,0,0
1446470064,s1-eth2,27258.00,1223306.00,1250564.00,1223306,27258,413.00,413.00,826.00,413,413,0.00,0.00,0,0
1446470064,total,1250564.00,1250498.00,2501062.00,1250498,1250564,826.00,825.00,1651.00,825,826,0.00,0.00,0,0
1446470065,lo,0.00,0.00,0.00,0,0,0.00,0.00,0.00,0,0,0.00,0.00,0,0
1446470065,s1,0.00,0.00,0.00,0,0,0.00,0.00,0.00,0,0,0.00,0.00,0,0
1446470065,eth0,0.00,0.00,0.00,0,0,0.00,0.00,0.00,0,0,0.00,0.00,0,0
1446470065,eth1,0.00,0.00,0.00,0,0,0.00,0.00,0.00,0,0,0.00,0.00,0,0
1446470065,s1-eth1,1219124.91,27164.84,1246289.74,27192,1220344,411.59,411.59,823.18,412,412,0.00,0.00,0,0
1446470065,s1-eth2,27098.90,1219124.91,1246223.81,1220344,27126,410.59,411.59,822.18,412,411,0.00,0.00,0,0
1446470065,total,1246223.81,1246289.74,2492513.55,1247536,1247470,822.18,823.18,1645.35,824,823,0.00,0.00,0,0
1446470066,lo,0.00,0.00,0.00,0,0,0.00,0.00,0.00,0,0,0.00,0.00,0,0
1446470066,s1,0.00,0.00,0.00,0,0,0.00,0.00,0.00,0,0,0.00,0.00,0,0
1446470066,eth0,0.00,0.00,0.00,0,0,0.00,0.00,0.00,0,0,0.00,0.00,0,0
1446470066,eth1,0.00,0.00,0.00,0,0,0.00,0.00,0.00,0,0,0.00,0.00,0,0
1446470066,s1-eth1,1222083.95,27230.77,1249314.72,27258,1223306,412.59,412.59,825.17,413,413,0.00,0.00,0,0
1446