1446469920,s3,0.00,0.00,0.00,0,0,0.00,0.00,0.00,0,0,0.00,0.00,0,0
1446469920,lo,0.00,0.00,0.00,0,0,0.00,0.00,0.00,0,0,0.00,0.00,0,0
1446469920,s1,0.00,0.00,0.00,0,0,0.00,0.00,0.00,0,0,0.00,0.00,0,0
1446469920,eth0,0.00,0.00,0.00,0,0,0.00,0.00,0.00,0,0,0.00,0.00,0,0
1446469920,s2,0.00,0.00,0.00,0,0,0.00,0.00,0.00,0,0,0.00,0.00,0,0
1446469920,eth1,0.00,0.00,0.00,0,0,0.00,0.00,0.00,0,0,0.00,0.00,0,0
1446469920,s3-eth1,0.00,0.00,0.00,0,0,0.00,0.00,0.00,0,0,0.00,0.00,0,0
1446469920,s3-eth2,0.00,0.00,0.00,0,0,0.00,0.00,0.00,0,0,0.00,0.00,0,0
1446469920,s2-eth3,0.00,0.00,0.00,0,0,0.00,0.00,0.00,0,0,0.00,0.00,0,0
1446469920,s2-eth1,0.00,0.00,0.00,0,0,0.00,0.00,0.00,0,0,0.00,0.00,0,0
1446469920,s2-eth2,0.00,0.00,0.00,0,0,0.00,0.00,0.00,0,0,0.00,0.00,0,0
1446469920,s1-eth3,0.00,0.00,0.00,0,0,0.00,0.00,0.00,0,0,0.00,0.00,0,0
1446469920,s1-eth1,0.00,0.00,0.00,0,0,0.00,0.00,0.00,0,0,0.00,0.00,0,0
1446469920,s1-eth2,0.00,0.00,0.00,0,0,0.00,0.00,0.00,0,0,0.00,0.00,0,0
1446469920,total,0.00,0.00,0.00,0,0,0.00,0.00,0.00,0,0,0.00,0.00,0,0
1446469921,s3,0.00,0.00,0.00,0,0,0.00,0.00,0.00,0,0,0.00,0.00,0,0
1446469921,lo,0.00,0.00,0.00,0,0,0.00,0.00,0.00,0,0,0.00,0.00,0,0
1446469921,s1,0.00,0.00,0.00,0,0,0.00,0.00,0.00,0,0,0.00,0.00,0,0
1446469921,eth0,0.00,0.00,0.00,0,0,0.00,0.00,0.00,0,0,0.00,0.00,0,0
1446469921,s2,0.00,0.00,0.00,0,0,0.00,0.00,0.00,0,0,0.00,0.00,0,0
1446469921,eth1,60.00,120.00,180.00,120,60,1.00,2.00,3.00,2,1,0.00,0.00,0,0
1446469921,s3-eth1,0.00,0.00,0.00,0,0,0.00,0.00,0.00,0,0,0.00,0.00,0,0
1446469921,s3-eth2,0.00,0.00,0.00,0,0,0.00,0.00,0.00,0,0,0.00,0.00,0,0
1446469921,s2-eth3,0.00,0.00,0.00,0,0,0.00,0.00,0.00,0,0,0.00,0.00,0,0
1446469921,s2-eth1,0.00,0.00,0.00,0,0,0.00,0.00,0.00,0,0,0.00,0.00,0,0
1446469921,s2-eth2,0.00,0.00,0.00,0,0,0.00,0.00,0.00,0,0,0.00,0.00,0,0
1446469921,s1-eth3,0.00,0.00,0.00,0,0,0.00,0.00,0.00,0,0,0.00,0.00,0,0
1446469921,s1-eth1,1223306.00,27324.00,1250630.00,27324,1223306,413.00,414.00,827.00,414,413,0.00,0.00,0,0
1446469921,s1-eth2,27258.00,1223306.00,1250564.00,1223306,27258,413.00,413.00,826.00,413,413,0.00,0.00,0,0
1446469921,total,1250624.00,1250750.00,2501374.00,1250750,1250624,827.00,829.00,1656.00,829,827,0.00,0.00,0,0
1446469922,s3,0.00,0.00,0.00,0,0,0.00,0.00,0.00,0,0,0.00,0.00,0,0
1446469922,lo,0.00,0.00,0.00,0,0,0.00,0.00,0.00,0,0,0.00,0.00,0,0
1446469922,s1,0.00,0.00,0.00,0,0,0.00,0.00,0.00,0,0,0.00,0.00,0,0
1446469922,eth0,0.00,0.00,0.00,0,0,0.00,0.00,0.00,0,0,0.00,0.00,0,0
1446469922,s2,0.00,0.00,0.00,0,0,0.00,0.00,0.00,0,0,0.00,0.00,0,0
1446469922,eth1,0.00,60.00,60.00,60,0,0.00,1.00,1.00,1,0,0.00,0.00,0,0
1446469922,s3-eth1,0.00,0.00,0.00,0,0,0.00,0.00,0.00,0,0,0.00,0.00,0,0
1446469922,s3-eth2,0.00,0.00,0.00,0,0,0.00,0.00,0.00,0,0,0.00,0.00,0,0
1446469922,s2-eth3,0.00,0.00,0.00,0,0,0.00,0.00,0.00,0,0,0.00,0.00,0,0
1446469922,s2-eth1,0.00,0.00,0.00,0,0,0.00,0.00,0.00,0,0,0.00,0.00,0,0
1446469922,s2-eth2,0.00,0.00,0.00,0,0,0.00,0.00,0.00,0,0,0.00,0.00,0,0
1446469922,s1-eth3,0.00,0.00,0.00,0,0,0.00,0.00,0.00,0,0,0.00,0.00,0,0
1446469922,s1-eth1,1223306.00,27258.00,1250564.00,27258,1223306,413.00,413.00,826.00,413,413,0.00,0.00,0,0
1446469922,s1-eth2,27258.00,1223306.00,1250564.00,1223306,27258,413.00,413.00,826.00,413,413,0.00,0.00,0,0
1446469922,total,1250564.00,1250624.00,2501188.00,1250624,1250564,826.00,827.00,1653.00,827,826,0.00,0.00,0,0
1446469923,s3,0.00,139.86,139.86,140,0,0.00,2.00,2.00,2,0,0.00,0.00,0,0
1446469923,lo,1070.93,1070.93,2141.86,1072,1072,11.99,11.99,23.98,12,12,0.00,0.00,0,0
1446469923,s1,0.00,69.93,69.93,70,0,0.00,1.00,1.00,1,0,0.00,0.00,0,0
1446469923,eth0,0.00,0.00,0.00,0,0,0.00,0.00,0.00,0,0,0.00,0.00,0,0
1446469923,s2,0.00,69.93,69.93,70,0,0.00,1.00,1.00,1,0,0.00,0.00,0,0
1446469923,eth1,0.00,59.94,59.94,60,0,0.00,1.00,1.00,1,0,0.00,0.00,0,0
1446469923,s3-eth1,69.93,69.93,139.86,70,70,1.00,1.00,2.00,1,1,0.00,0.00,0,0
1446469923,s3-eth2,69.93,69.93,139.86,70,70,1.00,1.00,2.00,1,1,0.00,0.00,0,0
1446469923,s2-eth3,69.93,69.93,139.86,70,70,1.00,1.00,2.00,1,1,0.00,0.00,0,0
1446469923,s2-eth1,69.93,0.00,69.93,0,70,1.00,0.00,1.00,0,1,0.00,0.00,0,0
1446469923,s2-eth2,0.00,69.93,69.93,70,0,0.00,1.00,1.00,1,0,0.00,0.00,0,0
1446469923,s1-eth3,0.00,69.93,69.93,70,0,0.00,1.00,1.00,1,0,0.00,0.00,0,0
1446469923,s1-eth1,1225112.92,27230.77,1252343.69,27258,1226338,414.59,412.59,827.17,413,415,0.00,0.00,0,0
1446469923,s1-eth2,27300.70,1225042.99,1252343.69,1226268,27328,413.59,413.59,827.17,414,414,0.00,0.00,0,0
1446469923,total,1253764.27,1254034.00,2507798.27,1255288,1255018,844.16,848.15,1692.31,849,845,0.00,0.00,0,0
1446469924,s3,0.00,140.00,140.00,140,0,0.00,2.00,2.00,2,0,0.00,0.00,0,0
1446469924,lo,7560.00,7560.00,15120.00,7560,7560,77.00,77.00,154.00,77,77,0.00,0.00,0,0
1446469924,s1,0.00,210.00,210.00,210,0,0.00,3.00,3.00,3,0,0.00,0.00,0,0
1446469924,eth0,0.00,0.00,0.00,0,0,0.00,0.00,0.00,0,0,0.00,0.00,0,0
1446469924,s2,0.00,210.00,210.00,210,0,0.00,3.00,3.00,3,0,0.00,0.00,0,0
1446469924,eth1,0.00,60.00,60.00,60,0,0.00,1.00,1.00,1,0,0.00,0.00,0,0
1446469924,s3-eth1,126.00,224.00,350.00,224,126,3.00,4.00,7.00,4,3,0.00,0.00,0,0
1446469924,s3-eth2,224.00,126.00,350.00,126,224,4.00,3.00,7.00,3,4,0.00,0.00,0,0
1446469924,s2-eth3,224.00,126.00,350.00,126,224,4.00,3.00,7.00,3,4,0.00,0.00,0,0
1446469924,s2-eth1,238.00,224.00,462.00,224,238,5.00,4.00,9.00,4,5,0.00,0.00,0,0
1446469924,s2-eth2,294.00,126.00,420.00,126,294,5.00,3.00,8.00,3,5,0.00,0.00,0,0
1446469924,s1-eth3,224.00,238.00,462.00,238,224,4.00,5.00,9.00,5,4,0.00,0.00,0,0
1446469924,s1-eth1,1223530.00,27412.00,1250942.00,27412,1223530,417.00,416.00,833.00,416,417,0.00,0.00,0,0
1446469924,s1-eth2,27482.00,1223376.00,1250858.00,1223376,27482,417.00,414.00,831.00,414,417,0.00,0.00,0,0
1446469924,total,1259902.00,1260032.00,2519934.00,1260032,1259902,936.00,938.00,1874.00,938,936,0.00,0.00,0,0
1446469925,s3,0.00,0.00,0.00,0,0,0.00,0.00,0.00,0,0,0.00,0.00,0,0
1446469925,lo,1480.00,1480.00,2960.00,1480,1480,15.00,15.00,30.00,15,15,0.00,0.00,0,0
1446469925,s1,0.00,0.00,0.00,0,0,0.00,0.00,0.00,0,0,0.00,0.00,0,0
1446469925,eth0,0.00,0.00,0.00,0,0,0.00,0.00,0.00,0,0,0.00,0.00,0,0
1446469925,s2,0.00,0.00,0.00,0,0,0.00,0.00,0.00,0,0,0.00,0.00,0,0
1446469925,eth1,0.00,60.00,60.00,60,0,0.00,1.00,1.00,1,0,0.00,0.00,0,0
1446469925,s3-eth1,0.00,42.00,42.00,42,0,0.00,1.00,1.00,1,0,0.00,0.00,0,0
1446469925,s3-eth2,42.00,0.00,42.00,0,42,1.00,0.00,1.00,0,1,0.00,0.00,0,0
1446469925,s2-eth3,42.00,0.00,42.00,0,42,1.00,0.00,1.00,0,1,0.00,0.00,0,0
1446469925,s2-eth1,0.00,84.00,84.00,84,0,0.00,2.00,2.00,2,0,0.00,0.00,0,0
1446469925,s2-eth2,42.00,0.00,42.00,0,42,1.00,0.00,1.00,0,1,0.00,0.00,0,0
1446469925,s1-eth3,84.00,0.00,84.00,0,84,2.00,0.00,2.00,0,2,0.00,0.00,0,0
1446469925,s1-eth1,1223306.00,27258.00,1250564.00,27258,1223306,413.00,413.00,826.00,413,413,0.00,0.00,0,0
1446469925,s1-eth2,27324.00,1223390.00,1250714.00,1223390,27324,414.00,415.00,829.00,415,414,0.00,0.00,0,0
1446469925,total,1252320.00,1252314.00,2504634.00,1252314,1252320,847.00,847.00,1694.00,847,847,0.00,0.00,0,0
1446469926,s3,0.00,0.00,0.00,0,0,0.00,0.00,0.00,0,0,0.00,0.00,0,0
1446469926,lo,0.00,0.00,0.00,0,0,0.00,0.00,0.00,0,0,0.00,0.00,0,0
1446469926,s1,0.00,0.00,0.00,0,0,0.00,0.00,0.00,0,0,0.00,0.00,0,0
1446469926,eth0,0.00,0.00,0.00,0,0,0.00,0.00,0.00,0,0,0.00,0.00,0,0
1446469926,s2,0.00,0.00,0.00,0,0,0.00,0.00,0.00,0,0,0.00,0.00,0,0
1446469926,eth1,0.00,0.00,0.00,0,0,0.00,0.00,0.00,0,0,0.00,0.00,0,0
1446469926,s3-eth1,0.00,0.00,0.00,0,0,0.00,0.00,0.00,0,0,0.00,0.00,0,0
1446469926,s3-eth2,0.00,0.00,0.00,0,0,0.00,0.00,0.00,0,0,0.00,0.00,0,0
1446469926,s2-eth3,0.00,0.00,0.00,0,0,0.00,0.00,0.00,0,0,0.00,0.00,0,0
1446469926,s2-eth1,0.00,0.00,0.00,0,0,0.00,0.00,0.00,0,0,0.00,0.00,0,0
1446469926,s2-eth2,0.00,0.00,0.00,0,0,0.00,0.00,0.00,0,0,0.00,0.00,0,0
1446469926,s1-eth3,0.00,0.00,0.00,0,0,0.00,0.00,0.00,0,0,0.00,0.00,0,0
1446469926,s1-eth1,1223306.00,27258.00,1250564.00,27258,1223306,413.00,413.00,826.00,413,413,0.00,0.00,0,0
1446469926,s1-eth2,27258.00,1223306.00,1250564.00,1223306,27258,413.00,413.00,826.00,413,413,0.00,0.00,0,0
1446469926,total,1250564.00,1250564.00,2501128.00,1250564,1250564,826.00,826.00,1652.00,826,826,0.00,0.00,0,0
1446469927,s3,0.00,70.00,70.00,70,0,0.00,1.00,1.00,1,0,0.00,0.00,0,0
1446469927,lo,803.20,803.20,1606.39,804,804,8.99,8.99,17.98,9,9,0.00,0.00,0,0
1446469927,s1,0.00,69.93,69.93,70,0,0.00,1.00,1.00,1,0,0.00,0.00,0,0
1446469927,eth0,0.00,0.00,0.00,0,0,0.00,0.00,0.00,0,0,0.00,0.00,0,0
1446469927,s2,0.00,69.93,69.93,70,0,0.00,1.00,1.00,1,0,0.00,0.00,0,0
1446469927,eth1,0.00,0.00,0.00,0,0,0.00,0.00,0.00,0,0,0.00,0.00,0,0
1446469927,s3-eth1,0.00,69.93,69.93,70,0,0.00,1.00,1.00,1,0,0.00,0.00,0,0
1446469927,s3-eth2,69.93,0.00,69.93,0,70,1.00,0.00,1.00,0,1,0.00,0.00,0,0
1446469927,s2-eth3,69.93,0.00,69.93,0,70,1.00,0.00,1.00,0,1,0.00,0.00,0,0
1446469927,s2-eth1,69.93,0.00,69.93,0,70,1.00,0.00,1.00,0,1,0.00,0.00,0,0
1446469927,s2-eth2,0.00,69.93,69.93,70,0,0.00,1.00,1.00,1,0,0.00,0.00,0,0
1446469927,s1-eth3,0.00,69.93,69.93,70,0,0.00,1.00,1.00,1,0,0.00,0.00,0,0
1446469927,s1-eth1,1222153.88,27296.70,1249450.58,27324,1223376,413.59,413.59,827.17,414,414,0.00,0.00,0,0
1446469927,s1-eth2,27300.70,1222083.95,1249384.65,1223306,27328,413.59,412.59,826.17,413,414,0.00,0.00,0,0
1446469927,total,1250467.57,1250603.43,2501071.00,1251854,1251718,839.16,841.16,1680.32,842,840,0.00,0.00,0,0
1446469928,s3,0.00,210.00,210.00,210,0,0.00,3.00,3.00,3,0,0.00,0.00,0,0
1446469928,lo,2412.00,2412.00,4824.00,2412,2412,27.00,27.00,54.00,27,27,0.00,0.00,0,0
1446469928,s1,0.00,210.00,210.00,210,0,0.00,3.00,3.00,3,0,0.00,0.00,0,0
1446469928,eth0,0.00,0.00,0.00,0,0,0.00,0.00,0.00,0,0,0.00,0.00,0,0
1446469928,s2,0.00,210.00,210.00,210,0,0.00,3.00,3.00,3,0,0.00,0.00,0,0
1446469928,eth1,0.00,0.00,0.00,0,0,0.00,0.00,0.00,0,0,0.00,0.00,0,0
1446469928,s3-eth1,70.00,140.00,210.00,140,70,1.00,2.00,3.00,2,1,0.00,0.00,0,0
1446469928,s3-eth2,140.00,70.00,210.00,70,140,2.00,1.00,3.00,1,2,0.00,0.00,0,0
1446469928,s2-eth3,140.00,70.00,210.00,70,140,2.00,1.00,3.00,1,2,0.00,0.00,0,0
1446469928,s2-eth1,70.00,140.00,210.00,140,70,1.00,2.00,3.00,2,1,0.00,0.00,0,0
1446469928,s2-eth2,210.00,0.00,210.00,0,210,3.00,0.00,3.00,0,3,0.00,0.00,0,0
1446469928,s1-eth3,140.00,70.00,210.00,70,140,2.00,1.00,3.00,1,2,0.00,0.00,0,0
1446469928,s1-eth1,1223446.00,27262.00,1250708.00,27262,1223446,415.00,413.00,828.00,413,415,0.00,0.00,0,0
1446469928,s1-eth2,27332.00,1223376.00,1250708.00,1223376,27332,414.00,414.00,828.00,414,414,0.00,0.00,0,0
1446469928,total,1253960.00,1254170.00,2508130.00,1254170,1253960,867.00,870.00,1737.00,870,867,0.00,0.00,0,0
1446469929,s3,0.00,0.00,0.00,0,0,0.00,0.00,0.00,0,0,0.00,0.00,0,0
1446469929,lo,0.00,0.00,0.00,0,0,0.00,0.00,0.00,0,0,0.00,0.00,0,0
1446469929,s1,0.00,0.00,0.00,0,0,0.00,0.00,0.00,0,0,0.00,0.00,0,0
1446469929,eth0,0.00,0.00,0.00,0,0,0.00,0.00,0.00,0,0,0.00,0.00,0,0
1446469929,s2,0.00,0.00,0.00,0,0,0.00,0.00,0.00,0,0,0.00,0.00,0,0
1446469929,eth1,0.00,0.00,0.00,0,0,0.00,0.00,0.00,0,0,0.00,0.00,0,0
1446469929,s3-eth1,0.00,0.00,0.00,0,0,0.00,0.00,0.00,0,0,0.00,0.00,0,0
1446469929,s3-eth2,0.00,0.00,0.00,0,0,0.00,0.00,0.00,0,0,0.00,0.00,0,0
1446469929,s2-eth3,0.00,0.00,0.00,0,0,0.00,0.00,0.00,0,0,0.00,0.00,0,0
1446469929,s2-eth1,0.00,0.00,0.00,0,0,0.00,0.00,0.00,0,0,0.00,0.00,0,0
1446469929,s2-eth2,0.00,0.00,0.00,0,0,0.00,0.00,0.00,0,0,0.00,0.00,0,0
1446469929,s1-eth3,0.00,0.00,0.00,0,0,0.00,0.00,0.00,0,0,0.00,0.00,0,0
1446469929,s1-eth1,1223306.00,27258.00,1250564.00,27258,1223306,413.00,413.00,826.00,413,413,0.00,0.00,0,0
1446469929,s1-eth2,27324.00,1226268.00,1253592.00,1226268,27324,414.00,414.00,828.00,414,414,0.00,0.00,0,0
1446469929,total,1250630.00,1253526.00,2504156.00,1253526,1250630,827.00,827.00,1654.00,827,827,0.00,0.00,0,0
1446469930,s3,0.00,0.00,0.00,0,0,0.00,0.00,0.00,0,0,0.00,0.00,0,0
1446469930,lo,1310.69,1310.69,2621.38,1312,1312,11.99,11.99,23.98,12,12,0.00,0.00,0,0
1446469930,s1,0.00,0.00,0.00,0,0,0.00,0.00,0.00,0,0,0.00,0.00,0,0
1446469930,eth0,0.00,0.00,0.00,0,0,0.00,0.00,0.00,0,0,0.00,0.00,0,0
1446469930,s2,0.00,0.00,0.00,0,0,0.00,0.00,0.00,0,0,0.00,0.00,0,0
1446469930,eth1,0.00,0.00,0.00,0,0,0.00,0.00,0.00,0,0,0.00,0.00,0,0
1446469930,s3-eth1,0.00,0.00,0.00,0,0,0.00,0.00,0.00,0,0,0.00,0.00,0,0
1446469930,s3-eth2,0.00,0.00,0.00,0,0,0.00,0.00,0.00,0,0,0.00,0.00,0,0
1446469930,s2-eth3,0.00,0.00,0.00,0,0,0.00,0.00,0.00,0,0,0.00,0.00,0,0
1446469930,s2-eth1,361364.65,6865.14,368229.78,6872,361726,126.87,103.90,230.77,104,127,0.00,0.00,0,0
1446469930,s2-eth2,6865.14,361298.71,368163.85,361660,6872,103.90,125.87,229.77,126,104,0.00,0.00,0,0
1446469930,s1-eth3,6865.14,361364.65,368229.78,361726,6872,103.90,126.87,230.77,127,104,0.00,0.00,0,0
1446469930,s1-eth1,1224365.67,27502.50,1251868.17,27530,1225590,490.51,416.58,907.09,417,491,0.00,0.00,0,0
1446469930,s1-eth2,20571.43,1224004.03,1244575.46,1225228,20592,311.69,485.51,797.20,486,312,0.00,0.00,0,0
1446469930,total,1621342.70,1982345.71,3603688.41,1984328,1622964,1148.85,1270.73,2419.58,1272,1150,0.00,0.00,0,0
1446469931,s3,0.00,0.00,0.00,0,0,0.00,0.00,0.00,0,0,0.00,0.00,0,0
1446469931,lo,0.00,0.00,0.00,0,0,0.00,0.00,0.00,0,0,0.00,0.00,0,0
1446469931,s1,0.00,0.00,0.00,0,0,0.00,0.00,0.00,0,0,0.00,0.00,0,0
1446469931,eth0,0.00,0.00,0.00,0,0,0.00,0.00,0.00,0,0,0.00,0.00,0,0
1446469931,s2,0.00,0.00,0.00,0,0,0.00,0.00,0.00,0,0,0.00,0.00,0,0
1446469931,eth1,0.00,0.00,0.00,0,0,0.00,0.00,0.00,0,0,0.00,0.00,0,0
1446469931,s3-eth1,0.00,0.00,0.00,0,0,0.00,0.00,0.00,0,0,0.00,0.00,0,0
1446469931,s3-eth2,0.00,0.00,0.00,0,0,0.00,0.00,0.00,0,0,0.00,0.00,0,0
1446469931,s2-eth3,0.00,0.00,0.00,0,0,0.00,0.00,0.00,0,0,0.00,0.00,0,0
1446469931,s2-eth1,685812.39,15215.57,701027.96,15246,687184,231.54,230.54,462.08,231,232,0.00,0.00,0,0
1446469931,s2-eth2,15215.57,688768.48,703984.05,690146,15246,230.54,232.53,463.07,233,231,0.00,0.00,0,0
1446469931,s1-eth3,15215.57,685812.39,701027.96,687184,15246,230.54,231.54,462.08,232,231,0.00,0.00,0,0
1446469931,s1-eth1,1177309.41,26281.44,1203590.85,26334,1179664,399.20,398.20,797.41,399,400,0.00,0.00,0,0
1446469931,s1-eth2,11065.87,189976.05,201041.92,190356,11088,167.66,65.87,233.53,66,168,0.00,0.00,0,0
1446469931,total,1904618.81,1606053.94,3510672.75,1609266,1908428,1259.48,1158.68,2418.16,1161,1262,0.00,0.00,0,0
1446469932,s3,0.00,0.00,0.00,0,0,0.00,0.00,0.00,0,0,0.00,0.00,0,0
1446469932,lo,0.00,0.00,0.00,0,0,0.00,0.00,0.00,0,0,0.00,0.00,0,0
1446469932,s1,0.00,0.00,0.00,0,0,0.00,0.00,0.00,0,0,0.00,0.00,0,0
1446469932,eth0,0.00,0.00,0.00,0,0,0.00,0.00,0.00,0,0,0.00,0.00,0,0
1446469932,s2,0.00,0.00,0.00,0,0,0.00,0.00,0.00,0,0,0.00,0.00,0,0
1446469932,eth1,0.00,0.00,0.00,0,0,0.00,0.00,0.00,0,0,0.00,0.00,0,0
1446469932,s3-eth1,0.00,0.00,0.00,0,0,0.00,0.00,0.00,0,0,0.00,0.00,0,0
1446469932,s3-eth2,0.00,0.00,0.00,0,0,0.00,0.00,0.00,0,0,0.00,0.00,0,0
1446469932,s2-eth3,0.00,0.00,0.00,0,0,0.00,0.00,0.00,0,0,0.00,0.00,0,0
1446469932,s2-eth1,1225042.99,27296.70,1252339.69,27324,1226268,413.59,413.59,827.17,414,414,0.00,0.00,0,0
1446469932,s2-eth2,27258.00,1226268.00,1253526.00,1226268,27258,413.00,414.00,827.00,414,413,0.00,0.00,0,0
1446469932,s1-eth3,27324.00,1226268.00,1253592.00,1226268,27324,414.00,414.00,828.00,414,414,0.00,0.00,0,0
1446469932,s1-eth1,1226268.00,27258.00,1253526.00,27258,1226268,414.00,413.00,827.00,413,414,0.00,0.00,0,0
1446469932,s1-eth2,0.00,0.00,0.00,0,0,0.00,0.00,0.00,0,0,0.00,0.00,0,0
1446469932,total,2507118.00,2507118.00,5014236.00,2507118,2507118,1655.00,1655.00,3310.00,1655,1655,0.00,0.00,0,0
1446469933,s3,0.00,0.00,0.00,0,0,0.00,0.00,0.00,0,0,0.00,0.00,0,0
1446469933,lo,172.00,172.00,344.00,172,172,3.00,3.00,6.00,3,3,0.00,0.00,0,0
1446469933,s1,0.00,0.00,0.00,0,0,0.00,0.00,0.00,0,0,0.00,0.00,0,0
1446469933,eth0,0.00,0.00,0.00,0,0,0.00,0.00,0.00,0,0,0.00,0.00,0,0
1446469933,s2,0.00,0.00,0.00,0,0,0.00,0.00,0.00,0,0,0.00,0.00,0,0
1446469933,eth1,0.00,0.00,0.00,0,0,0.00,0.00,0.00,0,0,0.00,0.00,0,0
1446469933,s3-eth1,0.00,0.00,0.00,0,0,0.00,0.00,0.00,0,0,0.00,0.00,0,0
1446469933,s3-eth2,0.00,0.00,0.00,0,0,0.00,0.00,0.00,0,0,0.00,0.00,0,0
1446469933,s2-eth3,0.00,0.00,0.00,0,0,0.00,0.00,0.00,0,0,0.00,0.00,0,0
1446469933,s2-eth1,1220344.00,27192.00,1247536.00,27192,1220344,412.00,412.00,824.00,412,412,0.00,0.00,0,0
1446469933,s2-eth2,27192.00,1220344.00,1247536.00,1220344,27192,412.00,412.00,824.00,412,412,0.00,0.00,0,0
1446469933,s1-eth3,27192.00,1220344.00,1247536.00,1220344,27192,412.00,412.00,824.00,412,412,0.00,0.00,0,0
1446469933,s1-eth1,1219124.91,27230.77,1246355.68,27258,1220344,411.59,412.59,824.18,413,412,0.00,0.00,0,0
1446469933,s1-eth2,0.00,0.00,0.00,0,0,0.00,0.00,0.00,0,0,0.00,0.00,0,0
1446469933,total,2492751.32,2492817.25,4985568.57,2495310,2495244,1649.35,1650.35,3299.70,1652,1651,0.00,0.00,0,0
1446469934,s3,0.00,0.00,0.00,0,0,0.00,0.00,0.00,0,0,0.00,0.00,0,0
1446469934,lo,343.66,343.66,687.31,344,344,5.99,5.99,11.99,6,6,0.00,0.00,0,0
1446469934,s1,0.00,0.00,0.00,0,0,0.00,0.00,0.00,0,0,0.00,0.00,0,0
1446469934,eth0,0.00,0.00,0.00,0,0,0.00,0.00,0.00,0,0,0.00,0.00,0,0
1446469934,s2,0.00,0.00,0.00,0,0,0.00,0.00,0.00,0,0,0.00,0.00,0,0
1446469934,eth1,0.00,0.00,0.00,0,0,0.00,0.00,0.00,0,0,0.00,0.00,0,0
1446469934,s3-eth1,0.00,0.00,0.00,0,0,0.00,0.00,0.00,0,0,0.00,0.00,0,0
1446469934,s3-eth2,0.00,0.00,0.00,0,0,0.00,0.00,0.00,0,0,0.00,0.00,0,0
1446469934,s2-eth3,0.00,0.00,0.00,0,0,0.00,0.00,0.00,0,0,0.00,0.00,0,0
1446469934,s2-eth1,1222083.95,27164.84,1249248.79,27192,1223306,412.59,411.59,824.18,412,413,0.00,0.00,0,0
1446469934,s2-eth2,27230.77,1222083.95,1249314.72,1223306,27258,412.59,412.59,825.17,413,413,0.00,0.00,0,0
1446469934,s1-eth3,27164.84,1222083.95,1249248.79,1223306,27192,411.59,412.59,824.18,413,412,0.00,0.00,0,0
1446469934,s1-eth1,1222083.95,27164.84,1249248.79,27192,1223306,412.59,411.59,824.18,412,413,0.00,0.00,0,0
1446469934,s1-eth2,0.00,0.00,0.00,0,0,0.00,0.00,0.00,0,0,0.00,0.00,0,0
1446469934,total,2498907.16,2498841.23,4997748.39,2501340,2501406,1655.34,1654.35,3309.69,1656,1657,0.00,0.00,0,0
1446469935,s3,0.00,0.00,0.00,0,0,0.00,0.00,0.00,0,0,0.00,0.00,0,0
1446469935,lo,0.00,0.00,0.00,0,0,0.00,0.00,0.00,0,0,0.00,0.00,0,0
1446469935,s1,0.00,0.00,0.00,0,0,0.00,0.00,0.00,0,0,0.00,0.00,0,0
1446469935,eth0,0.00,0.00,0.00,0,0,0.00,0.00,0.00,0,0,0.00,0.00,0,0
1446469935,s2,0.00,0.00,0.00,0,0,0.00,0.00,0.00,0,0,0.00,0.00,0,0
1446469935,eth1,0.00,0.00,0.00,0,0,0.00,0.00,0.00,0,0,0.00,0.00,0,0
1446469935,s3-eth1,0.00,0.00,0.00,0,0,0.00,0.00,0.00,0,0,0.00,0.00,0,0
1446469935,s3-eth2,0.00,0.00,0.00,0,0,0.00,0.00,0.00,0,0,0.00,0.00,0,0
1446469935,s2-eth3,0.00,0.00,0.00,0,0,0.00,0.00,0.00,0,0,0.00,0.00,0,0
1446469935,s2-eth1,1222083.95,27296.70,1249380.65,27324,1223306,412.59,413.59,826.17,414,413,0.00,0.00,0,0
1446469935,s2-eth2,27296.70,1222083.95,1249380.65,1223306,27324,413.59,412.59,826.17,413,414,0.00,0.00,0,0
1446469935,s1-eth3,27296.70,1222083.95,1249380.65,1223306,27324,413.59,412.59,826.17,413,414,0.00,0.00,0,0
1446469935,s1-eth1,1222083.95,27296.70,1249380.65,27324,1223306,412.59,413.59,826.17,414,413,0.00,0.00,0,0
1446469935,s1-eth2,0.00,0.00,0.00,0,0,0.00,0.00,0.00,0,0,0.00,0.00,0,0
1446469935,total,2498761.31,2498761.31,4997522.61,2501260,2501260,1652.35,1652.35,3304.70,1654,1654,0.00,0.00,0,0
1446469936,s3,0.00,0.00,0.00,0,0,0.00,0.00,0.00,0,0,0.00,0.00,0,0
1446469936,lo,0.00,0.00,0.00,0,0,0.00,0.00,0.00,0,0,0.00,0.00,0,0
1446469936,s1,0.00,0.00,0.00,0,0,0.00,0.00,0.00,0,0,0.00,0.00,0,0
1446469936,eth0,0.00,0.00,0.00,0,0,0.00,0.00,0.00,0,0,0.00,0.00,0,0
1446469936,s2,0.00,0.00,0.00,0,0,0.00,0.00,0.00,0,0,0.00,0.00,0,0
1446469936,eth1,0.00,0.00,0.00,0,0,0.00,0.00,0.00,0,0,0.00,0.00,0,0
1446469936,s3-eth1,0.00,0.00,0.00,0,0,0.00,0.00,0.00,0,0,0.00,0.00,0,0
1446469936,s3-eth2,0.00,0.00,0.00,0,0,0.00,0.00,0.00,0,0,0.00,0.00,0,0
1446469936,s2-eth3,0.00,0.00,0.00,0,0,0.00,0.00,0.00,0,0,0.00,0.00,0,0
1446469936,s2-eth1,1222083.95,27164.84,1249248.79,27192,1223306,412.59,411.59,824.18,412,413,0.00,0.00,0,0
1446469936,s2-eth2,27164.84,1222083.95,1249248.79,1223306,27192,411.59,412.59,824.18,413,412,0.00,0.00,0,0
1446469936,s1-eth3,27164.84,1222083.95,1249248.79,1223306,27192,411.59,412.59,824.18,413,412,0.00,0.00,0,0
1446469936,s1-eth1,1222083.95,27164.84,1249248.79,27192,1223306,412.59,411.59,824.18,412,413,0.00,0.00,0,0
1446469936,s1-eth2,0.00,0.00,0.00,0,0,0.00,0.00,0.00,0,0,0.00,0.00,0,0
1446469936,total,2498497.57,2498497.57,4996995.14,2500996,2500996,1648.35,1648.35,3296.70,1650,1650,0.00,0.00,0,0
1446469937,s3,0.00,0.00,0.00,0,0,0.00,0.00,0.00,0,0,0.00,0.00,0,0
1446469937,lo,0.00,0.00,0.00,0,0,0.00,0.00,0.00,0,0,0.00,0.00,0,0
1446469937,s1,0.00,0.00,0.00,0,0,0.00,0.00,0.00,0,0,0.00,0.00,0,0
1446469937,eth0,0.00,0.00,0.00,0,0,0.00,0.00,0.00,0,0,0.00,0.00,0,0
1446469937,s2,0.00,0.00,0.00,0,0,0.00,0.00,0.00,0,0,0.00,0.00,0,0
1446469937,eth1,0.00,0.00,0.00,0,0,0.00,0.00,0.00,0,0,0.00,0.00,0,0
1446469937,s3-eth1,0.00,0.00,0.00,0,0,0.00,0.00,0.00,0,0,0.00,0.00,0,0
1446469937,s3-eth2,0.00,0.00,0.00,0,0,0.00,0.00,0.00,0,0,0.00,0.00,0,0
1446469937,s2-eth3,0.00,0.00,0.00,0,0,0.00,0.00,0.00,0,0,0.00,0.00,0,0
1446469937,s2-eth1,1223306.00,27324.00,1250630.00,27324,1223306,413.00,414.00,827.00,414,413,0.00,0.00,0,0
1446469937,s2-eth2,27258.00,1223306.00,1250564.00,1223306,27258,413.00,413.00,826.00,413,413,0.00,0.00,0,0
1446469937,s1-eth3,27324.00,1223306.00,1250630.00,1223306,27324,414.00,413.00,827.00,413,414,0.00,0.00,0,0
1446469937,s1-eth1,1223306.00,27258.00,1250564.00,27258,1223306,413.00,413.00,826.00,413,413,0.00,0.00,0,0
1446469937,s1-eth2,0.00,0.00,0.00,0,0,0.00,0.00,0.00,0,0,0.00,0.00,0,0
1446469937,total,2501194.00,2501194.00,5002388.00,2501194,2501194,1653.00,1653.00,3306.00,1653,1653,0.00,0.00,0,0
1446469938,s3,0.00,0.00,0.00,0,0,0.00,0.00,0.00,0,0,0.00,0.00,0,0
1446469938,lo,171.83,171.83,343.66,172,172,3.00,3.00,5.99,3,3,0.00,0.00,0,0
1446469938,s1,0.00,0.00,0.00,0,0,0.00,0.00,0.00,0,0,0.00,0.00,0,0
1446469938,eth0,0.00,0.00,0.00,0,0,0.00,0.00,0.00,0,0,0.00,0.00,0,0
1446469938,s2,0.00,0.00,0.00,0,0,0.00,0.00,0.00,0,0,0.00,0.00,0,0
1446469938,eth1,0.00,0.00,0.00,0,0,0.00,0.00,0.00,0,0,0.00,0.00,0,0
1446469938,s3-eth1,0.00,0.00,0.00,0,0,0.00,0.00,0.00,0,0,0.00,0.00,0,0
1446469938,s3-eth2,0.00,0.00,0.00,0,0,0.00,0.00,0.00,0,0,0.00,0.00,0,0
1446469938,s2-eth3,0.00,0.00,0.00,0,0,0.00,0.00,0.00,0,0,0.00,0.00,0,0
1446469938,s2-eth1,1222083.95,27164.84,1249248.79,27192,1223306,412.59,411.59,824.18,412,413,0.00,0.00,0,0
1446469938,s2-eth2,27230.77,1222083.95,1249314.72,1223306,27258,412.59,412.59,825.17,413,413,0.00,0.00,0,0
1446469938,s1-eth3,27164.84,1222083.95,1249248.79,1223306,27192,411.59,412.59,824.18,413,412,0.00,0.00,0,0
1446469938,s1-eth1,1222083.95,27230.77,1249314.72,27258,1223306,412.59,412.59,825.17,413,413,0.00,0.00,0,0
1446469938,s1-eth2,0.00,0.00,0.00,0,0,0.00,0.00,0.00,0,0,0.00,0.00,0,0
1446469938,total,2498735.33,2498735.33,4997470.67,2501234,2501234,1652.35,1652.35,3304.70,1654,1654,0.00,0.00,0,0
1446469939,s3,0.00,0.00,0.00,0,0,0.00,0.00,0.00,0,0,0.00,0.00,0,0
1446469939,lo,343.66,343.66,687.31,344,344,5.99,5.99,11.99,6,6,0.00,0.00,0,0
1446469939,s1,0.00,0.00,0.00,0,0,0.00,0.00,0.00,0,0,0.00,0.00,0,0
1446469939,eth0,0.00,0.00,0.00,0,0,0.00,0.00,0.00,0,0,0.00,0.00,0,0
1446469939,s2,0.00,0.00,0.00,0,0,0.00,0.00,0.00,0,0,0.00,0.00,0,0
1446469939,eth1,0.00,0.00,0.00,0,0,0.00,0.00,0.00,0,0,0.00,0.00,0,0
1446469939,s3-eth1,0.00,0.00,0.00,0,0,0.00,0.00,0.00,0,0,0.00,0.00,0,0
1446469939,s3-eth2,0.00,0.00,0.00,0,0,0.00,0.00,0.00,0,0,0.00,0.00,0,0
1446469939,s2-eth3,0.00,0.00,0.00,0,0,0.00,0.00,0.00,0,0,0.00,0.00,0,0
1446469939,s2-eth1,1196648.00,26730.00,1223378.00,26730,1196648,404.00,405.00,809.00,405,404,0.00,0.00,0,0
1446469939,s2-eth2,26730.00,1196648.00,1223378.00,1196648,26730,405.00,404.00,809.00,404,405,0.00,0.00,0,0
1446469939,s1-eth3,26730.00,1196648.00,1223378.00,1196648,26730,405.00,404.00,809.00,404,405,0.00,0.00,0,0
1446469939,s1-eth1,1196648.00,26730.00,1223378.00,26730,1196648,404.00,405.00,809.00,405,404,0.00,0.00,0,0
1446469939,s1-eth2,0.00,0.00,0.00,0,0,0.00,0.00,0.00,0,0,0.00,0.00,0,0
1446469939,total,2447100.00,2447100.00,4894200.00,2447100,2447100,1624.00,1624.00,3248.00,1624,1624,0.00,0.00,0,0
1446469940,s3,0.00,0.00,0.00,0,0,0.00,0.00,0.00,0,0,0.00,0.00,0,0
1446469940,lo,1968.00,1968.00,3936.00,1968,1968,18.00,18.00,36.00,18,18,0.00,0.00,0,0
1446469940,s1,0.00,0.00,0.00,0,0,0.00,0.00,0.00,0,0,0.00,0.00,0,0
1446469940,eth0,0.00,0.00,0.00,0,0,0.00,0.00,0.00,0,0,0.00,0.00,0,0
1446469940,s2,0.00,0.00,0.00,0,0,0.00,0.00,0.00,0,0,0.00,0.00,0,0
1446469940,eth1,0.00,0.00,0.00,0,0,0.00,0.00,0.00,0,0,0.00,0.00,0,0
1446469940,s3-eth1,160244.00,2516.00,162760.00,2516,160244,58.00,38.00,96.00,38,58,0.00,0.00,0,0
1446469940,s3-eth2,2516.00,160244.00,162760.00,160244,2516,38.00,58.00,96.00,58,38,0.00,0.00,0,0
1446469940,s2-eth3,2516.00,160244.00,162760.00,160244,2516,38.00,58.00,96.00,58,38,0.00,0.00,0,0
1446469940,s2-eth1,1223668.00,27530.00,1251198.00,27530,1223668,418.00,417.00,835.00,417,418,0.00,0.00,0,0
1446469940,s2-eth2,25014.00,1223306.00,1248320.00,1223306,25014,379.00,413.00,792.00,413,379,0.00,0.00,0,0
1446469940,s1-eth3,27530.00,1223668.00,1251198.00,1223668,27530,417.00,418.00,835.00,418,417,0.00,0.00,0,0
1446469940,s1-eth1,1223668.00,27530.00,1251198.00,27530,1223668,418.00,417.00,835.00,417,418,0.00,0.00,0,0
1446469940,s1-eth2,0.00,0.00,0.00,0,0,0.00,0.00,0.00,0,0,0.00,0.00,0,0
1446469940,total,2667124.00,2827006.00,5494130.00,2827006,2667124,1784.00,1837.00,3621.00,1837,1784,0.00,0.00,0,0
1446469941,s3,0.00,0.00,0.00,0,0,0.00,0.00,0.00,0,0,0.00,0.00,0,0
1446469941,lo,0.00,0.00,0.00,0,0,0.00,0.00,0.00,0,0,0.00,0.00,0,0
1446469941,s1,0.00,0.00,0.00,0,0,0.00,0.00,0.00,0,0,0.00,0.00,0,0
1446469941,eth0,0.00,0.00,0.00,0,0,0.00,0.00,0.00,0,0,0.00,0.00,0,0
1446469941,s2,0.00,0.00,0.00,0,0,0.00,0.00,0.00,0,0,0.00,0.00,0,0
1446469941,eth1,0.00,0.00,0.00,0,0,0.00,0.00,0.00,0,0,0.00,0.00,0,0
1446469941,s3-eth1,485768.00,10758.00,496526.00,10758,485768,164.00,163.00,327.00,163,164,0.00,0.00,0,0
1446469941,s3-eth2,10758.00,488730.00,499488.00,488730,10758,163.00,165.00,328.00,165,163,0.00,0.00,0,0
1446469941,s2-eth3,10758.00,485768.00,496526.00,485768,10758,163.00,164.00,327.00,164,163,0.00,0.00,0,0
1446469941,s2-eth1,1215736.00,27324.00,1243060.00,27324,1215736,412.00,414.00,826.00,414,412,0.00,0.00,0,0
1446469941,s2-eth2,16500.00,567058.00,583558.00,567058,16500,250.00,193.00,443.00,193,250,0.00,0.00,0,0
1446469941,s1-eth3,27324.00,1215736.00,1243060.00,1215736,27324,414.00,412.00,826.00,412,414,0.00,0.00,0,0
1446469941,s1-eth1,1224622.00,27258.00,1251880.00,27258,1224622,415.00,413.00,828.00,413,415,0.00,0.00,0,0
1446469941,s1-eth2,0.00,0.00,0.00,0,0,0.00,0.00,0.00,0,0,0.00,0.00,0,0
1446469941,total,2991466.00,2822632.00,5814098.00,2822632,2991466,1981.00,1924.00,3905.00,1924,1981,0.00,0.00,0,0
1446469942,s3,0.00,0.00,0.00,0,0,0.00,0.00,0.00,0,0,0.00,0.00,0,0
1446469942,lo,0.00,0.00,0.00,0,0,0.00,0.00,0.00,0,0,0.00,0.00,0,0
1446469942,s1,0.00,0.00,0.00,0,0,0.00,0.00,0.00,0,0,0.00,0.00,0,0
1446469942,eth0,0.00,0.00,0.00,0,0,0.00,0.00,0.00,0,0,0.00,0.00,0,0
1446469942,s2,0.00,0.00,0.00,0,0,0.00,0.00,0.00,0,0,0.00,0.00,0,0
1446469942,eth1,0.00,0.00,0.00,0,0,0.00,0.00,0.00,0,0,0.00,0.00,0,0
1446469942,s3-eth1,1223306.00,27192.00,1250498.00,27192,1223306,413.00,412.00,825.00,412,413,0.00,0.00,0,0
1446469942,s3-eth2,27126.00,1223306.00,1250432.00,1223306,27126,411.00,413.00,824.00,413,411,0.00,0.00,0,0
1446469942,s2-eth3,27192.00,1223306.00,1250498.00,1223306,27192,412.00,413.00,825.00,413,412,0.00,0.00,0,0
1446469942,s2-eth1,1220344.00,27192.00,1247536.00,27192,1220344,412.00,412.00,824.00,412,412,0.00,0.00,0,0
1446469942,s2-eth2,0.00,0.00,0.00,0,0,0.00,0.00,0.00,0,0,0.00,0.00,0,0
1446469942,s1-eth3,27192.00,1220344.00,1247536.00,1220344,27192,412.00,412.00,824.00,412,412,0.00,0.00,0,0
1446469942,s1-eth1,1220344.00,27192.00,1247536.00,27192,1220344,412.00,412.00,824.00,412,412,0.00,0.00,0,0
1446469942,s1-eth2,0.00,0.00,0.00,0,0,0.00,0.00,0.00,0,0,0.00,0.00,0,0
1446469942,total,3745504.00,3748532.00,7494036.00,3748532,3745504,2472.00,2474.00,4946.00,2474,2472,0.00,0.00,0,0
1446469943,s3,0.00,0.00,0.00,0,0,0.00,0.00,0.00,0,0,0.00,0.00,0,0
1446469943,lo,0.00,0.00,0.00,0,0,0.00,0.00,0.00,0,0,0.00,0.00,0,0
1446469943,s1,0.00,0.00,0.00,0,0,0.00,0.00,0.00,0,0,0.00,0.00,0,0
1446469943,eth0,0.00,0.00,0.00,0,0,0.00,0.00,0.00,0,0,0.00,0.00,0,0
1446469943,s2,0.00,0.00,0.00,0,0,0.00,0.00,0.00,0,0,0.00,0.00,0,0
1446469943,eth1,0.00,0.00,0.00,0,0,0.00,0.00,0.00,0,0,0.00,0.00,0,0
1446469943,s3-eth1,1219124.91,27230.77,1246355.68,27258,1220344,411.59,412.59,824.18,413,412,0.00,0.00,0,0
1446469943,s3-eth2,27230.77,1219124.91,1246355.68,1220344,27258,412.59,411.59,824.18,412,413,0.00,0.00,0,0
1446469943,s2-eth3,27230.77,1219124.91,1246355.68,1220344,27258,412.59,411.59,824.18,412,413,0.00,0.00,0,0
1446469943,s2-eth1,1219124.91,27164.84,1246289.74,27192,1220344,411.59,411.59,823.18,412,412,0.00,0.00,0,0
1446469943,s2-eth2,0.00,0.00,0.00,0,0,0.00,0.00,0.00,0,0,0.00,0.00,0,0
1446469943,s1-eth3,27164.84,1219124.91,1246289.74,1220344,27192,411.59,411.59,823.18,412,412,0.00,0.00,0,0
1446469943,s1-eth1,1219124.91,27230.77,1246355.68,27258,1220344,411.59,412.59,824.18,413,412,0.00,0.00,0,0
1446469943,s1-eth2,0.00,0.00,0.00,0,0,0.00,0.00,0.00,0,0,0.00,0.00,0,0
1446469943,total,3739001.10,3739001.10,7478002.20,3742740,3742740,2471.53,2471.53,4943.06,2474,2474,0.00,0.00,0,0
1446469944,s3,0.00,0.00,0.00,0,0,0.00,0.00,0.00,0,0,0.00,0.00,0,0
1446469944,lo,0.00,0.00,0.00,0,0,0.00,0.00,0.00,0,0,0.00,0.00,0,0
1446469944,s1,0.00,0.00,0.00,0,0,0.00,0.00,0.00,0,0,0.00,0.00,0,0
1446469944,eth0,0.00,0.00,0.00,0,0,0.00,0.00,0.00,0,0,0.00,0.00,0,0
1446469944,s2,0.00,0.00,0.00,0,0,0.00,0.00,0.00,0,0,0.00,0.00,0,0
1446469944,eth1,0.00,0.00,0.00,0,0,0.00,0.00,0.00,0,0,0.00,0.00,0,0
1446469944,s3-eth1,1208496.00,26862.00,1235358.00,26862,1208496,408.00,407.00,815.00,407,408,0.00,0.00,0,0
1446469944,s3-eth2,26862.00,1208496.00,1235358.00,1208496,26862,407.00,408.00,815.00,408,407,0.00,0.00,0,0
1446469944,s2-eth3,26862.00,1208496.00,1235358.00,1208496,26862,407.00,408.00,815.00,408,407,0.00,0.00,0,0
1446469944,s2-eth1,1208496.00,26928.00,1235424.00,26928,1208496,408.00,408.00,816.00,408,408,0.00,0.00,0,0
1446469944,s2-eth2,0.00,0.00,0.00,0,0,0.00,0.00,0.00,0,0,0.00,0.00,0,0
1446469944,s1-eth3,26928.00,1208496.00,1235424.00,1208496,26928,408.00,408.00,816.00,408,408,0.00,0.00,0,0
1446469944,s1-eth1,1208496.00,26862.00,1235358.00,26862,1208496,408.00,407.00,815.00,407,408,0.00,0.00,0,0
1446469944,s1-eth2,0.00,0.00,0.00,0,0,0.00,0.00,0.00,0,0,0.00,0.00,0,0
1446469944,total,3706140.00,3706140.00,7412280.00,3706140,3706140,2446.00,2446.00,4892.00,2446,2446,0.00,0.00,0,0
1446469945,s3,0.00,0.00,0.00,0,0,0.00,0.00,0.00,0,0,0.00,0.00,0,0
1446469945,lo,515.48,515.48,1030.97,516,516,8.99,8.99,17.98,9,9,0.00,0.00,0,0
1446469945,s1,0.00,0.00,0.00,0,0,0.00,0.00,0.00,0,0,0.00,0.00,0,0
1446469945,eth0,0.00,0.00,0.00,0,0,0.00,0.00,0.00,0,0,0.00,0.00,0,0
1446469945,s2,0.00,0.00,0.00,0,0,0.00,0.00,0.00,0,0,0.00,0.00,0,0
1446469945,eth1,0.00,0.00,0.00,0,0,0.00,0.00,0.00,0,0,0.00,0.00,0,0
1446469945,s3-eth1,1219124.91,27164.84,1246289.74,27192,1220344,411.59,411.59,823.18,412,412,0.00,0.00,0,0
1446469945,s3-eth2,27230.77,1219124.91,1246355.68,1220344,27258,412.59,411.59,824.18,412,413,0.00,0.00,0,0
1446469945,s2-eth3,27164.84,1219124.91,1246289.74,1220344,27192,411.59,411.59,823.18,412,412,0.00,0.00,0,0
1446469945,s2-eth1,1219124.91,27164.84,1246289.74,27192,1220344,411.59,411.59,823.18,412,412,0.00,0.00,0,0
1446469945,s2-eth2,0.00,0.00,0.00,0,0,0.00,0.00,0.00,0,0,0.00,0.00,0,0
1446469945,s1-eth3,27164.84,1219124.91,1246289.74,1220344,27192,411.59,411.59,823.18,412,412,0.00,0.00,0,0
1446469945,s1-eth1,1219124.91,27230.77,1246355.68,27258,1220344,411.59,412.59,824.18,413,412,0.00,0.00,0,0
1446469945,s1-eth2,0.00,0.00,0.00,0,0,0.00,0.00,0.00,0,0,0.00,0.00,0,0
1446469945,total,3739450.65,3739450.65,7478901.30,3743190,3743190,2479.52,2479.52,4959.04,2482,2482,0.00,0.00,0,0
1446469946,s3,0.00,0.00,0.00,0,0,0.00,0.00,0.00,0,0,0.00,0.00,0,0
1446469946,lo,0.00,0.00,0.00,0,0,0.00,0.00,0.00,0,0,0.00,0.00,0,0
1446469946,s1,0.00,0.00,0.00,0,0,0.00,0.00,0.00,0,0,0.00,0.00,0,0
1446469946,eth0,0.00,0.00,0.00,0,0,0.00,0.00,0.00,0,0,0.00,0.00,0,0
1446469946,s2,0.00,0.00,0.00,0,0,0.00,0.00,0.00,0,0,0.00,0.00,0,0
1446469946,eth1,0.00,0.00,0.00,0,0,0.00,0.00,0.00,0,0,0.00,0.00,0,0
1446469946,s3-eth1,1213206.83,27098.90,1240305.73,27126,1214420,409.59,410.59,820.18,411,410,0.00,0.00,0,0
1446469946,s3-eth2,27032.97,1213206.83,1240239.79,1214420,27060,409.59,409.59,819.18,410,410,0.00,0.00,0,0
1446469946,s2-eth3,27098.90,1213206.83,1240305.73,1214420,27126,410.59,409.59,820.18,410,411,0.00,0.00,0,0
1446469946,s2-eth1,1213206.83,27032.97,1240239.79,27060,1214420,409.59,409.59,819.18,410,410,0.00,0.00,0,0
1446469946,s2-eth2,0.00,0.00,0.00,0,0,0.00,0.00,0.00,0,0,0.00,0.00,0,0
1446469946,s1-eth3,27032.97,1213206.83,1240239.79,1214420,27060,409.59,409.59,819.18,410,410,0.00,0.00,0,0
1446469946,s1-eth1,1213206.83,27032.97,1240239.79,27060,1214420,409.59,409.59,819.18,410,410,0.00,0.00,0,0
1446469946,s1-eth2,0.00,0.00,0.00,0,0,0.00,0.00,0.00,0,0,0.00,0.00,0,0
1446469946,total,3720785.32,3720785.32,7441570.63,3724506,3724506,2458.54,2458.54,4917.08,2461,2461,0.00,0.00,0,0
1446469947,s3,0.00,0.00,0.00,0,0,0.00,0.00,0.00,0,0,0.00,0.00,0,0
1446469947,lo,0.00,0.00,0.00,0,0,0.00,0.00,0.00,0,0,0.00,0.00,0,0
1446469947,s1,0.00,0.00,0.00,0,0,0.00,0.00,0.00,0,0,0.00,0.00,0,0
1446469947,eth0,0.00,0.00,0.00,0,0,0.00,0.00,0.00,0,0,0.00,0.00,0,0
1446469947,s2,0.00,0.00,0.00,0,0,0.00,0.00,0.00,0,0,0.00,0.00,0,0
1446469947,eth1,0.00,0.00,0.00,0,0,0.00,0.00,0.00,0,0,0.00,0.00,0,0
1446469947,s3-eth1,1222083.95,27164.84,1249248.79,27192,1223306,412.59,411.59,824.18,412,413,0.00,0.00,0,0
1446469947,s3-eth2,27164.84,1222083.95,1249248.79,1223306,27192,411.59,412.59,824.18,413,412,0.00,0.00,0,0
1446469947,s2-eth3,27164.84,1222083.95,1249248.79,1223306,27192,411.59,412.59,824.18,413,412,0.00,0.00,0,0
1446469947,s2-eth1,1222083.95,27230.77,1249314.72,27258,1223306,412.59,412.59,825.17,413,413,0.00,0.00,0,0
1446469947,s2-eth2,0.00,0.00,0.00,0,0,0.00,0.00,0.00,0,0,0.00,0.00,0,0
1446469947,s1-eth3,27230.77,1222083.95,1249314.72,1223306,27258,412.59,412.59,825.17,413,413,0.00,0.00,0,0
1446469947,s1-eth1,1222083.95,27164.84,1249248.79,27192,1223306,412.59,411.59,824.18,412,413,0.00,0.00,0,0
1446469947,s1-eth2,0.00,0.00,0.00,0,0,0.00,0.00,0.00,0,0,0.00,0.00,0,0
1446469947,total,3747812.29,3747812.29,7495624.58,3751560,3751560,2473.53,2473.53,4947.05,2476,2476,0.00,0.00,0,0
1446469948,s3,0.00,0.00,0.00,0,0,0.00,0.00,0.00,0,0,0.00,0.00,0,0
1446469948,lo,0.00,0.00,0.00,0,0,0.00,0.00,0.00,0,0,0.00,0.00,0,0
1446469948,s1,0.00,0.00,0.00,0,0,0.00,0.00,0.00,0,0,0.00,0.00,0,0
1446469948,eth0,0.00,0.00,0.00,0,0,0.00,0.00,0.00,0,0,0.00,0.00,0,0
1446469948,s2,0.00,0.00,0.00,0,0,0.00,0.00,0.00,0,0,0.00,0.00,0,0
1446469948,eth1,0.00,0.00,0.00,0,0,0.00,0.00,0.00,0,0,0.00,0.00,0,0
1446469948,s3-eth1,1219124.91,27164.84,1246289.74,27192,1220344,411.59,411.59,823.18,412,412,0.00,0.00,0,0
1446469948,s3-eth2,27230.77,1219124.91,1246355.68,1220344,27258,412.59,411.59,824.18,412,413,0.00,0.00,0,0
1446469948,s2-eth3,27164.84,1219124.91,1246289.74,1220344,27192,411.59,411.59,823.18,412,412,0.00,0.00,0,0
1446469948,s2-eth1,1219124.91,27164.84,1246289.74,27192,1220344,411.59,411.59,823.18,412,412,0.00,0.00,0,0
1446469948,s2-eth2,0.00,0.00,0.00,0,0,0.00,0.00,0.00,0,0,0.00,0.00,0,0
1446469948,s1-eth3,27164.84,1219124.91,1246289.74,1220344,27192,411.59,411.59,823.18,412,412,0.00,0.00,0,0
1446469948,s1-eth1,1219124.91,27164.84,1246289.74,27192,1220344,411.59,411.59,823.18,412,412,0.00,0.00,0,0
1446469948,s1-eth2,0.00,0.00,0.00,0,0,0.00,0.00,0.00,0,0,0.00,0.00,0,0
1446469948,total,3738935.17,3738869.23,7477804.40,3742608,3742674,2470.53,2469.53,4940.06,2472,2473,0.00,0.00,0,0
1446469949,s3,0.00,0.00,0.00,0,0,0.00,0.00,0.00,0,0,0.00,0.00,0,0
1446469949,lo,0.00,0.00,0.00,0,0,0.00,0.00,0.00,0,0,0.00,0.00,0,0
1446469949,s1,0.00,0.00,0.00,0,0,0.00,0.00,0.00,0,0,0.00,0.00,0,0
1446469949,eth0,0.00,0.00,0.00,0,0,0.00,0.00,0.00,0,0,0.00,0.00,0,0
1446469949,s2,0.00,0.00,0.00,0,0,0.00,0.00,0.00,0,0,0.00,0.00,0,0
1446469949,eth1,0.00,0.00,0.00,0,0,0.00,0.00,0.00,0,0,0.00,0.00,0,0
1446469949,s3-eth1,1219124.91,27164.84,1246289.74,27192,1220344,411.59,411.59,823.18,412,412,0.00,0.00,0,0
1446469949,s3-eth2,27164.84,1219124.91,1246289.74,1220344,27192,411.59,411.59,823.18,412,412,0.00,0.00,0,0
1446469949,s2-eth3,27164.84,1219124.91,1246289.74,1220344,27192,411.59,411.59,823.18,412,412,0.00,0.00,0,0
1446469949,s2-eth1,1219124.91,27164.84,1246289.74,27192,1220344,411.59,411.59,823.18,412,412,0.00,0.00,0,0
1446469949,s2-eth2,0.00,0.00,0.00,0,0,0.00,0.00,0.00,0,0,0.00,0.00,0,0
1446469949,s1-eth3,27164.84,1219124.91,1246289.74,1220344,27192,411.59,411.59,823.18,412,412,0.00,0.00,0,0
1446469949,s1-eth1,121